3 536 1370.1 2072.71 32
5 600 1303 1486.84 47
5 2828 1520.8 1340.16 50
5 2626 1443 765.562 51
6 2008 1517.09 2074.61 60
6 2828 1522.36 1339.32 61
7 539 1365.83 2038.18 64
7 661 1239.6 933.191 65
7 2072 1465.85 1487.64 70
8 2858 1552.4 1612.75 73
8 596 1309.9 1522.07 80
9 2132 1409.4 933.328 85
11 2011 1518 2043.43 101
11 658 1244.22 956.274 104
12 2068 1475 1522.48 111
13 2129 1417 965.977 121
14 1072 1382.9 1628.81 130
14 838 1318.7 1219.22 134
14 2808 1515.6 1153.38 134
14 1354 1392.59 1374.49 138
16 1441 1458.96 2175.58 157
17 2388 1526.59 1852.55 158
18 2933 1639.6 2290.21 173
19 2910 1618.65 2087.59 180
19 1441 1461.9 2173.81 182
20 2542 1535.19 1539.81 187
20 2932 1642.49 2288.05 194
21 2910 1621.8 2087.37 199
23 1279 1331.5 694.348 216
24 796 1288 842.681 232
24 2769 1493.48 802.219 233
25 1150 1311.7 921.108 238
27 2143 1413 833.484 260
27 671 1235.01 844.207 261
27 2266 1445.03 741.7 262
29 2620 1469.4 822.398 275
34 1280 1339.8 699.157 329
36 2171 1391.99 580.402 340
37 1151 1313.75 914.652 350
37 916 1390.16 1951.91 350
37 2171 1393.1 580.583 352
37 878 1359.5 1601.03 356
39 837 1327 1219.66 368
39 821 1314 1074.22 372
46 877 1364.02 1598.51 441
47 698 1208.6 604.452 447
49 796 1298.3 851.279 464
52 2307 1494.28 1118.04 493
52 2819 1567.6 1252.57 494
52 2355 1532.04 1560.29 497
52 1347 1412.9 1322.65 500
59 916 1404.95 1955.86 565
61 535 1404.5 2087.45 586
62 836 1338.82 1228.04 590
62 821 1326.04 1082.95 595
63 1064 1426.9 1712.46 600
63 595 1339 1534.63 605
64 599 1334.93 1499.23 609
64 2009 1566 2054.28 615
65 2006 1568 2084.07 616
66 2322 1517 1254.7 627
66 534 1407 2090.33 628
66 2348 1536.41 1490.39 628
66 2386 1566.81 1842.25 628
66 660 1266 950.078 629
66 2070 1516 1497.37 630
66 1292 1369.9 816.849 632
66 669 1255.6 862.127 635
67 2132 1455.3 934.216 644
68 2006 1570 2081.21 653
68 2010 1568.45 2047.63 654
69 2762 1527.74 735.114 660
70 877 1376.6 1606.74 664
70 670 1256 860.735 666
70 660 1268 951.035 668
70 2066 1523.11 1531.79 671
70 1389 1463 1708.75 673
71 1387 1461.49 1689.96 678
71 1377 1453.9 1604.05 680
71 2140 1449 854.506 681
73 2857 1629.4 1605.05 693
75 1440 1506.4 2175.03 718
75 1141 1344.01 1009.77 718
75 2266 1483.1 739.367 718
76 2910 1692.91 2088.53 728
76 1153 1331.9 895.408 730
77 1439 1507.51 2176.09 738
78 1157 1328.66 867.591 744
79 2910 1696 2089.58 752
79 2610 1521.41 918.612 756
79 1157 1328.52 867.085 756
80 2613 1519 892.549 760
83 2873 1654.44 1742.71 790
87 795 1318.9 858.497 830
88 697 1224.12 618.719 836
89 1336 1428.87 1226.9 847
89 1339 1432.19 1253.49 853
90 2390 1586.5 1876.12 856
90 2166 1435 622.253 863
91 2809 1587.92 1155.6 870
92 1158 1334.5 857.257 876
94 1387 1477.93 1697.51 894
95 783 1311 752.874 906
108 688 1245.8 700.572 1030
110 1279 1386.38 705.897 1049
113 2768 1562 789.238 1075
115 1137 1374 1048.82 1101
116 883 1414.36 1671.15 1104
116 1337 1447.25 1235.91 1106
117 2808 1600.1 1158.77 1121
119 2609 1548 929.827 1140
120 534 1431.32 2103.29 1143
121 1075 1455.7 1615.88 1158
122 2354 1578.98 1551.41 1164
122 595 1367 1542.49 1165
123 2519 1642.65 1756.95 1176
124 534 1434.4 2103.62 1184
124 2068 1553.65 1510.01 1187
125 657 1294.2 987.398 1189
125 668 1279.67 878.756 1192
125 1400 1507.28 1821.88 1196
126 2127 1494.3 972.251 1204
127 598 1365.9 1519.14 1210
127 2008 1607.3 2063.44 1212
128 2064 1561 1540.09 1224
130 914 1448 1971.6 1240
130 914 1447.97 1970.61 1240
130 2130 1493 941.231 1241
130 2139 1485.33 862.75 1244
131 876 1421.9 1618.56 1250
132 835 1387.93 1242.29 1260
132 1335 1455 1228.6 1265
133 1385 1501.3 1685.73 1274
134 1438 1535.8 2177.91 1275
134 2932 1748.4 2291.98 1283
135 2910 1721.5 2091.01 1286
135 2858 1660 1615.4 1289
136 1438 1536.85 2178.9 1300
136 2385 1613 1840.31 1301
137 2910 1723.04 2092.7 1312
140 1278 1404 706.452 1339
141 850 1407.6 1376.01 1350
143 2751 1564.5 634.888 1365
145 2626 1543 780.666 1380
146 2264 1522.5 732.851 1396
151 1136 1405.1 1069.61 1446
153 1170 1361.7 757.26 1458
153 1071 1483.1 1654.64 1462
153 914 1465.09 1977.05 1465
154 1353 1484 1392.47 1467
154 876 1438.07 1624.87 1474
156 2617 1558.03 858.89 1486
156 2825 1637.65 1309.77 1488
156 835 1405.9 1252.3 1492
157 1277 1411 699.629 1498
158 2520 1662.81 1748.84 1513
159 2346 1595.25 1482.11 1522
160 2305 1563 1111.32 1531
161 672 1296.76 852.863 1540
162 917 1473.11 2002.22 1549
163 697 1263.91 619.896 1560
164 875 1443.69 1621.78 1562
165 850 1423.23 1390.44 1572
165 2808 1628 1153.39 1575
167 794 1372.13 871.92 1592
167 2146 1496.2 787.22 1593
169 2384 1629.38 1838.38 1610
169 2388 1631 1869.58 1612
169 1344 1486.4 1317.71 1613
170 2306 1568.29 1111.28 1621
170 2264 1532.1 731.677 1622
172 1070 1498.94 1669.43 1643
177 2517 1677.11 1780.12 1689
177 914 1480 1984.11 1692
179 533 1471.4 2111.2 1707
179 835 1420 1253.1 1711
180 598 1400 1524.47 1719
180 594 1405.95 1559.21 1720
180 816 1404 1082.65 1722
183 533 1474 2114.84 1746
183 2387 1638 1868.63 1748
183 2384 1637.19 1838.46 1748
183 2346 1608 1483.2 1751
184 2065 1587.27 1523.45 1754
184 659 1324.95 973.434 1756
185 2125 1528.3 976.747 1768
185 594 1408 1561.84 1771
186 598 1404.1 1529.24 1772
186 916 1487.4 2009.57 1775
186 2006 1638 2066.41 1778
187 875 1458.8 1628.28 1790
188 656 1331.23 996.825 1794
188 2062 1593.6 1554.19 1794
188 668 1314.5 885.563 1796
193 1438 1571.8 2182.73 1840
193 2353 1618.04 1553.3 1842
194 2305 1579 1105.49 1848
194 2265 1545.06 736.497 1852
194 1398 1550.05 1817.01 1854
195 1153 1413.74 915.741 1861
195 1437 1574 2180.96 1863
196 2910 1737.75 2101.39 1874
199 2627 1568.84 776.98 1898
200 1287 1445.9 799.43 1910
201 913 1493.91 1983.84 1920
202 2761 1599.88 728.122 1931
203 695 1291 650.554 1942
204 850 1447 1405.64 1944
204 1288 1450 811.36 1945
205 1332 1498.8 1212.3 1960
206 793 1399.8 883.203 1963
208 2163 1499 635.068 1982
208 1067 1526.11 1702.07 1985
208 1352 1520 1392.53 1985
208 2320 1601 1250.45 1985
208 1349 1517.51 1368.63 1986
208 2346 1621.3 1483.79 1987
208 2764 1605 756.558 1988
209 2263 1551.38 730.095 1994
209 2826 1667.83 1318.09 1999
210 875 1471.3 1637.3 2008
214 781 1389.04 777.473 2040
214 2541 1675.35 1561.59 2047
216 2388 1655.1 1880.75 2060
216 2321 1605.4 1256.88 2067
220 1088 1512.03 1506.69 2098
223 695 1302 650.593 2130
225 2562 1661 1370.34 2151
226 2622 1589.7 823.161 2158
227 849 1460.3 1406.22 2164
229 2565 1662.14 1349.19 2187
230 793 1412.16 889.133 2192
231 2383 1659.7 1833.14 2208
232 2304 1598.67 1103.29 2217
232 2263 1562.84 725.927 2220
233 916 1513.48 2029.31 2224
234 874 1485 1640.16 2235
236 2534 1696.2 1630.04 2255
237 2824 1681.71 1307.79 2260
238 792 1416.2 886.085 2269
238 536 1503 2094.06 2272
238 1393 1572.57 1782.4 2274
239 1393 1573.1 1782.7 2282
240 594 1437.45 1563.62 2295
240 597 1434.5 1542.68 2296
242 533 1508.18 2120.29 2310
243 655 1363.5 1010.75 2316
243 655 1363.6 1010.77 2317
245 597 1436.9 1542.56 2340
245 594 1440.32 1568.83 2343
247 657 1363.7 991.927 2358
248 1296 1486 893.962 2371
248 1292 1481.2 855.897 2372
249 913 1522.8 2000.37 2380
252 1457 1615.64 2380.58 2405
252 1437 1608.76 2186.91 2410
254 1457 1615.08 2380.21 2421
254 1436 1611.1 2186.11 2428
261 874 1501.7 1644.2 2488
262 792 1432 895.556 2501
272 874 1507.9 1650.68 2599
272 874 1508 1651.65 2599
275 832 1478 1268.6 2626
