9 843 1322 1105.3 85
10 2415 1996.84 1742.33 98
10 2850 2576 1746.4 100
11 1409 1544.03 1657.54 105
12 2681 2684.8 1626.61 112
12 2374 2237.15 1448.65 112
14 808 1327 778.369 137
16 860 1314 1270.81 151
18 909 1267.74 1710.49 176
19 600 1202 1743.17 183
20 944 1224.8 2027.23 189
20 2114 1815.61 1918.5 190
24 2154 2048.18 1632.14 233
25 2458 1736.73 2040.47 235
26 2389 2143.71 1551.91 248
27 2959 1756.42 2267.18 254
28 2333 2464.72 1149.98 263
29 2912 2106.25 2029.04 274
32 843 1326 1104.08 309
33 875 1305 1408.39 311
34 2680 2658.81 1622 321
34 2422 1949.22 1787.98 322
36 1458 1387.4 2064.5 340
36 621 1225 1546.68 346
36 2635 2313.22 1839.78 347
36 1193 1713.63 979.118 347
39 819 1335 885.259 371
41 907 1272 1694.9 392
41 1110 1489.23 1670.46 395
43 1356 1714.72 1226.2 408
45 682 1269 982.028 426
46 2197 2292.93 1312.87 435
46 618 1227.4 1570 438
46 2136 1948.54 1751.46 442
47 2946 1849.97 2205.23 453
48 2454 1753.61 2018.29 460
48 679 1268.53 1007.47 461
48 2072 1579.2 2210.78 462
49 2194 2275.77 1334.01 466
49 2610 2123.79 1970.16 472
49 621 1229.9 1539.08 472
50 2389 2130.85 1551.75 473
50 1392 1606.72 1522.99 475
50 2356 2315.93 1315.07 477
50 2133 1930.54 1772.58 480
51 560 1195.51 2101.99 488
52 2075 1596.08 2188.78 499
52 1354 1721 1208.47 499
55 859 1319.1 1260.03 530
56 1485 1313.03 2286.87 537
57 900 1282.4 1633.03 545
58 3010 1388.85 2556.15 550
58 1485 1315.02 2287.22 555
59 2333 2445.52 1144.77 565
59 3010 1390.72 2556.34 566
60 2691 2720.82 1564.39 575
61 1074 1402 1967.96 578
70 2231 2481.22 1060.98 669
72 2458 1727.55 2048.45 691
73 2416 1972.36 1745.63 699
73 1385 1632.48 1466.52 700
74 2356 2306.01 1310.74 706
74 2374 2204.99 1442.32 708
78 841 1333.85 1093.7 748
80 873 1312.3 1388.04 762
83 2389 2118.85 1554.89 793
85 702 1284.96 788.015 812
87 817 1347.1 868.15 830
89 858 1325.01 1248.26 846
96 1326 1790 979.653 921
98 2356 2297.61 1309.99 936
99 2604 2052.64 2024.07 948
103 680 1271 979.562 980
103 840 1338.9 1084.7 982
104 2197 2282.43 1289.81 989
105 905 1290.96 1681.04 1001
105 937 1260.52 1972.61 1004
105 2132 1927.57 1763.49 1006
106 559 1223.03 2104.08 1008
106 2422 1929.24 1795.76 1012
106 545 1214.6 2227.24 1017
106 2390 2113.45 1559.15 1017
107 678 1270 998.986 1025
108 2194 2266.32 1313.71 1031
108 1425 1510.99 1810.98 1032
109 616 1246 1570.28 1041
109 556 1222.59 2130.04 1045
110 2136 1947.41 1734.16 1047
110 2933 1952.13 2148.57 1048
110 545 1215.07 2227.27 1049
111 2073 1609.47 2194.47 1060
111 2681 2604.44 1612.55 1061
111 1168 1661.38 1136.89 1064
112 856 1329 1231.92 1073
115 1480 1343.92 2266.76 1098
116 2987 1568.94 2458.05 1104
116 3010 1406.18 2588.82 1106
117 1480 1346.8 2263.13 1118
117 3011 1405.93 2589.95 1121
118 2987 1568.26 2459.94 1123
119 2457 1732.49 2052.23 1138
125 1372 1669.2 1368.75 1189
126 816 1349.9 857.006 1200
127 871 1322.1 1376.58 1212
128 715 1292.18 655.695 1227
128 2415 1963.27 1751.13 1227
129 2389 2110.6 1558.44 1230
131 1425 1517 1807.52 1249
134 839 1340 1074.48 1275
137 938 1273.7 1988.53 1308
138 2682 2597.54 1609.86 1315
143 2468 1673.23 2135.77 1368
144 2422 1926.44 1799.56 1371
144 1329 1777 1009.14 1376
145 2374 2188.49 1447.51 1387
148 2842 2607.56 1642.44 1411
149 803 1357.6 737.351 1425
150 1371 1672.87 1359.22 1437
151 1185 1714.27 973.034 1438
152 2458 1729.01 2063.99 1448
152 934 1284 1954.28 1455
153 2591 1931.63 2126.37 1461
153 2356 2278.63 1318.15 1463
154 2682 2584.03 1614.47 1466
159 902 1312 1662.43 1523
161 1074 1448.24 1917.71 1537
163 679 1285.14 974.305 1554
163 2194 2259.74 1295.92 1557
163 615 1266.4 1562.91 1558
164 1436 1490.83 1911.99 1562
164 2131 1930.82 1758.68 1566
164 554 1250.9 2128.26 1570
165 1368 1680.79 1343.17 1571
165 2948 1849.83 2241.37 1574
167 2196 2275.17 1274 1591
168 2415 1959.79 1759.91 1604
168 2389 2102.14 1567.15 1606
168 617 1268.94 1543.3 1608
169 543 1247.81 2233 1611
169 2134 1947.99 1730.11 1612
169 557 1254.09 2104.57 1614
169 2059 1555.5 2290.85 1617
170 2333 2393.64 1140.46 1625
173 2958 1780.68 2300.18 1650
173 1476 1382 2252.33 1652
173 1310 1822.5 839.187 1654
173 1428 1515.84 1844.39 1656
174 870 1336 1360.38 1660
174 2986 1583.99 2467.71 1664
174 3009 1422.09 2600.9 1665
176 1476 1382.99 2249.38 1680
176 1181 1712 991.64 1681
176 3009 1422.96 2600.64 1684
177 2986 1583.32 2468.68 1686
177 2698 2680 1529.1 1692
177 2824 2731.57 1534.23 1693
179 2374 2179.3 1455.17 1706
180 2943 1890.58 2212.11 1715
183 837 1354.5 1058.14 1746
185 894 1326.3 1592.53 1764
185 936 1296.1 1976.85 1770
188 2592 1922.12 2139.93 1800
189 1384 1639.08 1482.5 1809
191 2416 1958 1764.99 1827
192 1307 1828.95 820.048 1835
193 2899 2201.57 1958.83 1839
193 2693 2641.49 1553.66 1846
194 2823 2737.92 1523.43 1855
196 1070 1457.1 1933.02 1872
197 813 1363.7 833.42 1878
198 710 1311.7 673.789 1888
199 2455 1742.49 2058.99 1905
200 2233 2466.12 994.885 1911
201 1376 1666.07 1410.93 1921
208 893 1337 1584.49 1985
209 1419 1548.13 1781.14 1993
209 932 1311 1944.5 1994
209 2894 2242.18 1927.32 1996
211 2948 1855 2247.5 2016
216 2390 2092.9 1581.1 2064
217 2332 2381.11 1146.35 2075
220 1326 1787.53 988.603 2098
221 812 1362 824.855 2110
223 674 1301.51 1000.66 2125
223 2193 2261.8 1281.78 2128
223 613 1289 1564.5 2131
224 2844 2590.59 1635.41 2136
224 2130 1941.44 1759.86 2138
224 2415 1957.8 1773.2 2141
224 553 1279 2131.21 2141
225 2067 1616.45 2222.55 2150
226 2375 2169 1468.1 2160
226 678 1304.2 966.303 2163
226 616 1291 1536.86 2163
228 542 1276.6 2225.81 2177
228 556 1282.9 2100.64 2180
229 2712 2756.97 1454.01 2186
229 2057 1568.54 2295.47 2188
231 851 1358.26 1194.73 2203
231 1178 1717.18 985.056 2203
232 893 1343.3 1578.13 2214
232 931 1321 1931.56 2220
233 1472 1414.44 2232.53 2222
233 1502 1346.48 2458.1 2228
234 3007 1447.66 2608.95 2232
234 2986 1596.31 2479.59 2232
235 1472 1413.84 2234.48 2246
236 3007 1449.51 2608.04 2250
236 2986 1595.35 2481.65 2254
237 2836 2650.62 1584.62 2265
238 2458 1727.82 2092.84 2274
239 2948 1854.41 2252.59 2282
243 1328 1783.62 1005.58 2319
244 1382 1653.69 1467.97 2328
246 834 1359.5 1027.74 2346
246 866 1356 1334.8 2350
246 898 1343.3 1632.49 2354
251 1089 1529.45 1743.55 2399
253 811 1359.2 816.57 2414
255 929 1329.6 1920.93 2439
259 713 1310.6 627.892 2478
272 932 1333.88 1944.26 2594
272 1417 1566.97 1773.95 2602
273 1083 1522.46 1789.43 2610
