2 1195 319 661.772 21
2 1190 330 705.034 22
2 1216 398.044 501.756 23
3 941 659.393 380.393 29
4 946 691.257 406.301 35
4 1066 294.6 512.022 37
4 1070 315.387 476.16 38
6 1195 319.819 665.883 58
6 1217 399.919 497.93 60
6 1190 329.84 705.84 61
13 946 689.235 405.235 125
13 942 660.901 381.701 127
14 1066 294 506.693 131
14 1070 311.659 476.141 133
14 151 103.908 498.154 133
17 212 527.308 219.01 162
18 227 662.721 249.621 172
18 236 728.478 278.279 173
19 275 921.1 566.655 180
20 298 890.924 772.833 187
20 295 901.921 743.014 193
25 152 104.4 485.835 237
25 212 525.002 217.2 239
25 219 587.86 226.009 242
27 283 922.299 633.359 258
28 275 918.4 564.252 265
42 152 97.0045 490.444 402
42 921 472.852 333.971 403
43 222 606.955 229.212 415
44 235 720.286 276.004 421
46 1129 693 585.158 441
47 298 881.969 768.357 446
50 690 269.137 397.563 474
50 603 512.396 926.778 479
50 124 79.8 735.517 479
51 678 196.232 485.4 484
51 641 207.781 800.281 486
51 192 335.174 237.825 486
51 899 295.178 416.822 490
52 859 222.089 741.597 496
53 842 334.356 858.741 507
53 828 454.802 884 508
53 1129 691 583.559 510
54 1020 413.206 846.93 513
55 603 508.045 926.09 522
60 746 716.586 379.686 570
61 951 701.243 436.166 580
62 1194 313.595 654.645 592
64 1204 302.824 569.599 607
64 635 239.721 842.621 612
64 1194 312.803 653.015 613
65 650 167.835 723.418 618
66 668 158.018 563.471 627
67 614 403.132 926 640
67 643 189.819 778.059 641
67 892 254.365 460.468 644
68 898 288.625 416.154 648
68 812 586.141 857.907 650
68 818 538.358 873.943 654
69 958 729.199 497.7 659
70 994 629.629 789.993 672
71 1112 619.096 447.972 678
72 990 656.507 762.093 684
73 1096 495.697 379.6 693
73 635 235.851 837.913 697
79 494 600.212 261.922 751
86 1085 389.562 385.311 826
90 1128 680.5 565.996 856
95 678 191.375 471.908 906
96 338 579.357 967 921
97 627 287.542 882.02 923
97 856 226.782 764.982 929
98 1128 678 566.488 940
99 343 540.46 975 944
99 1002 561.278 827.179 948
99 784 764.89 691.311 950
100 777 791.924 634.686 951
101 980 702.863 690.127 962
101 994 625.062 788.238 964
104 674 171.097 505.86 997
106 919 437.24 327.03 1010
109 123 75 736.766 1041
109 112 101.928 823.36 1043
110 191 310.375 231.625 1046
110 187 281.09 243.411 1046
110 408 102 673.431 1051
110 433 134.931 450.711 1051
112 483 499.697 241 1069
112 253 812.11 382.746 1071
113 123 73.5 734.954 1076
113 113 100.148 821.645 1076
113 191 309.488 230.612 1080
113 187 278.628 244 1081
113 315 760.153 874.847 1082
114 607 447.986 928 1086
115 721 499.117 283.381 1097
115 723 523.961 286 1098
115 249 784.757 348.757 1103
116 716 456.321 283 1104
116 849 263.419 814.119 1108
116 680 192.287 458.913 1109
116 688 237.849 399.079 1110
117 906 330.037 361.866 1117
118 749 718.371 392.371 1130
119 957 711.691 478.019 1132
119 965 726.6 556.682 1135
119 1065 257.705 497.474 1135
119 1075 307.286 418.914 1137
119 920 449.762 321.3 1138
120 930 537.301 325.66 1143
120 510 707.773 330.473 1144
120 518 760.05 388.05 1146
120 1194 295.88 647.88 1148
120 1215 345.009 470.197 1148
120 1114 616.977 447.358 1148
120 1179 373.241 751.084 1150
121 1189 315.246 679.246 1151
124 1179 374.783 752.383 1185
124 1215 343.265 469.735 1186
124 1193 295.212 648.476 1186
124 1189 314.674 680.302 1188
129 1007 520.139 837.6 1235
133 843 301.103 842.635 1273
137 1090 413.341 365.315 1310
139 1106 547.539 402.537 1328
139 1111 590.991 428.098 1330
143 484 495.095 237 1370
145 524 785.036 435.036 1386
149 868 182.9 651.233 1420
149 584 641.707 888.048 1424
149 714 423.775 279.648 1424
149 808 592.859 841.725 1425
150 938 592.807 345.747 1434
150 1126 669.987 538.198 1436
152 877 183 567.86 1451
152 902 292.547 377.81 1455
155 1075 296.954 415.046 1480
157 408 92 664.223 1500
157 400 107 732.135 1501
158 329 640.993 941.763 1509
159 597 529 923.896 1523
162 1031 309.25 777.25 1546
162 599 507.721 926.896 1548
168 900 272.947 386.153 1602
168 127 56.7211 692.451 1604
168 123 64.4962 730.119 1604
169 112 96.9004 820.357 1610
169 745 679.763 363.963 1613
170 651 139 694.984 1620
170 655 132.007 660.347 1622
170 659 126.6 628.33 1627
172 112 94.6512 816.744 1640
172 127 56 693.284 1643
172 122 64.6 731.481 1645
172 310 769.074 840.426 1646
172 190 289.847 218.062 1647
172 696 276.632 340.168 1647
173 646 152.13 737.011 1648
173 323 679.797 921.303 1650
173 604 462.551 931 1651
173 594 548.866 918.915 1652
173 583 642.489 887.475 1655
174 417 86 576.446 1657
174 937 580.573 338.404 1660
174 1075 289.638 413.362 1665
175 252 788 368.369 1668
175 866 179.184 664.053 1669
175 492 557.236 245 1672
176 950 664.085 423.708 1682
177 1072 267.664 438.871 1688
182 1203 272.3 557.491 1738
182 1193 283.991 639.991 1742
187 986 656.922 730.679 1788
187 843 285.278 838.478 1789
192 1125 655.39 521.655 1837
196 417 79.9 577.386 1872
196 432 106.007 443.881 1874
196 406 85.9956 670.764 1876
204 671 136.148 512.85 1947
206 680 174.085 437.374 1970
207 819 491.978 868 1973
208 921 431.809 306.221 1988
208 901 267.704 373.397 1990
209 490 536.078 237.9 1992
209 941 603.849 357.637 1996
214 342 516.011 975.3 2044
229 190 267.903 211.894 2183
231 780 738.671 650.129 2207
231 122 51.3 724.139 2208
232 190 267.983 211.042 2214
232 310 751.125 835.875 2217
233 614 350.992 914.93 2222
234 745 661.799 354.699 2230
234 846 256.299 816.864 2233
234 654 118.685 663.489 2233
234 842 281.816 836.816 2235
234 252 772.031 354.031 2237
235 817 497.152 864.607 2245
236 313 731.183 858.817 2250
237 1105 515.819 381 2260
237 783 729.032 670.66 2262
237 1040 250.073 702.339 2262
239 1192 278.259 633.348 2282
239 1188 297.455 658.455 2282
239 1092 404.616 345.905 2286
239 1214 291.026 451.574 2287
240 1177 370.031 726.031 2291
243 1214 291.514 448.986 2316
243 1188 298.857 659.102 2320
243 1177 370.414 726.514 2322
243 1192 275.716 629.916 2323
253 959 674.44 491.165 2413
