20 291 410.632 1638.74 192
32 208 956.374 2104.28 304
33 208 955.972 2105.05 312
37 145 1500.45 2025.63 358
37 149 1468.25 2043.62 358
38 296 383.539 1610.57 361
40 72 1917.54 1532.75 385
41 1064 855.432 1527.61 393
41 1005 1337.81 1558.98 394
41 62 1950.6 1451.39 395
41 1002 1365.66 1540.32 395
41 1067 829.571 1503.57 395
42 335 305.292 1277.54 398
42 58 1964 1413.82 401
43 72 1917.61 1536.62 412
45 36 2006.6 1230.63 425
45 58 1963.66 1419.94 427
45 62 1950.94 1455.09 430
47 36 2006.75 1232.14 451
48 434 757.29 577.706 462
49 219 858.886 2090.86 465
49 238 708.427 2020.07 467
50 1063 858.084 1533.14 480
51 1001 1367.22 1540.6 483
52 940 1498.49 1045.63 492
52 395 468.04 774.06 500
53 397 477.125 763.875 502
53 1130 889.428 1026.07 506
53 469 1054.09 534.462 508
53 470 1068.94 535.828 510
54 1068 827.404 1507.53 512
54 1005 1340.64 1559 513
55 648 1445.79 1712.5 529
56 1127 861.166 1044.53 536
56 579 1702.6 1172.48 538
58 296 371.812 1626.16 557
59 409 556.428 698.742 566
62 580 1700 1186.07 591
63 414 591.212 675.691 602
65 300 356.797 1604.21 616
65 298 363.363 1620.56 617
67 349 298 1162.15 643
69 349 297.5 1164.25 656
70 393 444.344 804.574 666
72 911 1326.18 849.198 689
75 769 548.548 1406.55 713
75 744 652.201 1599.31 720
76 736 699.121 1651.12 722
76 431 712.966 609.842 730
77 125 1630.11 1967.88 735
79 472 1063.51 548.9 750
79 513 1398.03 676.028 755
83 126 1625.97 1976.79 790
84 920 1383.01 903.013 799
85 618 1610.09 1511.86 814
85 626 1572.3 1573.54 816
86 761 567.486 1465.7 817
86 744 647.691 1599.39 818
86 737 693.628 1650.1 819
86 821 600.542 959.442 822
86 795 517.9 1174.65 822
87 853 824.011 784.989 831
93 913 1329.04 858.922 884
96 267 482.576 1881.58 921
98 465 982.082 559.171 937
100 465 981.336 560 956
107 203 969.873 2181.4 1025
108 769 534 1402 1031
108 811 548.873 1035.59 1034
108 1001 1361.66 1556.36 1035
108 1005 1334.89 1574.61 1036
108 846 760.34 808.819 1036
109 1063 851.66 1557.66 1039
109 836 682.052 857.048 1040
110 940 1479.53 1054.48 1050
110 929 1432.42 969.562 1052
111 415 567.692 710.11 1063
112 1130 871.599 1042.4 1065
112 1141 954.929 993.874 1072
113 1066 827.982 1538.53 1076
113 944 1488 1089.46 1083
115 173 1233.99 2202.1 1094
115 1126 843.376 1062.22 1097
115 669 1248.52 1794 1102
116 367 303.049 1049.78 1106
119 317 283.585 1506.55 1140
121 509 1335.93 667.786 1156
122 349 267 1215.32 1161
125 761 555.464 1471.51 1193
125 794 502.644 1175.95 1194
125 161 1331.74 2185.76 1195
126 853 813.266 787 1203
126 728 734.531 1699.73 1203
127 654 1367.64 1742.97 1213
128 910 1301.15 850.249 1222
130 415 556.812 724.488 1244
131 913 1322.26 867.941 1249
131 451 823.907 599.97 1252
133 140 1497.13 2106.55 1269
138 548 1573.99 917.971 1317
139 770 520.133 1391.79 1329
140 669 1237.99 1794.01 1336
145 411 518.672 757.361 1382
150 911 1306.37 862.372 1431
150 246 604.111 2059.11 1433
152 273 424.885 1888.08 1452
156 72 1904.71 1689.89 1489
156 336 241 1358.81 1491
157 609 1612.87 1452.11 1501
158 61 1944.16 1601.35 1508
159 57 1956.53 1574.18 1515
159 72 1905 1690.71 1522
161 36 2003.2 1386.46 1539
162 57 1957 1575.33 1543
162 61 1945.37 1605.85 1545
164 35 2003.5 1388.22 1566
164 611 1602.86 1467.1 1567
164 821 573.883 961.117 1568
164 821 573.883 961.117 1568
165 761 539.55 1470.56 1571
165 786 485 1251.75 1571
165 744 613.9 1601.42 1572
165 846 747.844 812.527 1576
165 836 669.27 860.309 1578
167 1001 1361.31 1567.89 1599
169 943 1468 1098.04 1615
169 287 348.524 1794.84 1617
170 769 512.425 1405.7 1627
170 1129 854.682 1059.82 1627
171 1066 820.991 1561.99 1631
171 820 571.445 962.455 1632
171 1000 1362.04 1568.16 1633
171 454 814.748 621.751 1633
171 1140 931.59 1007.45 1633
171 836 669.243 859.127 1637
171 929 1415.62 982.621 1637
172 728 713.71 1704.41 1638
172 853 805.221 789.872 1639
172 939 1456.94 1064.01 1644
172 466 922.31 602.599 1647
174 591 1646 1292.1 1657
174 1125 825.073 1086.93 1657
174 1140 931.024 1007.79 1660
174 155 1356.81 2214.19 1661
176 371 277.707 1063.27 1682
179 401 425.647 845.453 1712
182 407 465.218 810.534 1739
182 578 1634.98 1176.6 1739
186 448 756.942 644.967 1779
188 485 1078.57 612.61 1798
192 648 1380.51 1721.5 1835
197 226 731.317 2190.11 1883
199 160 1308.68 2256.32 1901
199 156 1337.78 2241.9 1904
201 769 498.884 1403.18 1924
202 836 659.835 863.765 1927
203 853 797.278 792.697 1938
205 785 467.8 1260.15 1953
205 836 659.308 863.092 1954
205 847 746.785 813.194 1959
205 744 596.495 1602.49 1960
206 736 645.675 1660.47 1965
206 540 1482.64 867.906 1965
208 294 301 1769.5 1985
211 916 1323.71 900.807 2012
213 262 461.793 2018.99 2033
213 284 341.229 1856.81 2038
214 400 397.573 881.327 2040
214 918 1339.53 916.53 2040
215 410 470.848 815.249 2053
216 333 207 1443.49 2059
218 333 205.554 1447.13 2084
222 514 1297.09 721.087 2121
223 620 1541.49 1542.32 2127
223 596 1616.9 1345.28 2132
223 580 1613.81 1198.89 2132
223 592 1621 1312.61 2133
224 584 1620 1232.07 2136
225 761 515.6 1470.46 2147
225 743 591.165 1607.27 2152
226 736 633.814 1659.11 2154
226 1004 1334.32 1601.68 2158
226 1000 1356.82 1583.38 2159
226 294 292.691 1789.59 2160
226 1066 817.289 1589.29 2161
227 943 1450 1108.8 2165
227 426 577.794 743.91 2172
228 511 1265.82 708.81 2178
228 1125 811.264 1109.74 2181
229 1066 817.611 1591.61 2191
230 939 1439.86 1077.92 2195
230 1004 1334.38 1602.55 2196
230 1001 1354.85 1584.88 2197
232 1128 834.383 1085.62 2217
237 544 1482.78 904.777 2263
238 581 1608 1210.04 2269
238 555 1533.95 994.362 2269
238 567 1573.56 1091.85 2274
239 1062 838.82 1618.42 2287
240 1065 816.781 1597.79 2291
248 971 1483.7 1359.3 2371
248 961 1478.8 1271.33 2373
251 1034 1082.17 1694.03 2400
255 178 1120.01 2351.3 2434
255 182 1085.91 2349.63 2435
257 1104 728.874 1288.14 2452
258 304 237.886 1734.89 2461
258 308 226.23 1699.76 2463
261 966 1480 1315.32 2495
264 182 1078.22 2359.3 2524
264 179 1105.86 2360.3 2524
267 305 230.344 1732.4 2547
267 309 217.083 1700.65 2549
267 182 1073.48 2362.2 2553
267 179 1108.03 2363.3 2554
270 308 219 1709.4 2577
270 305 230.254 1740.72 2578
271 431 590.859 755.28 2591
271 435 617.802 742.098 2592
274 61 1931.98 1754.99 2615
274 57 1946 1724.65 2620
274 814 507.88 1015.81 2621
275 817 524.544 987.463 2622
276 1062 837.058 1637.06 2634
276 368 207.571 1174.83 2635
276 371 213.732 1151.72 2636
276 1065 813.717 1616.31 2637
277 688 998.871 1831.9 2642
277 943 1435.94 1115.76 2642
277 692 966.394 1828 2643
277 939 1424.59 1084.05 2644
277 34 1995.51 1526.85 2648
278 56 1946.38 1725.92 2655
278 60 1934.01 1755.06 2655
280 430 579.026 764.745 2670
280 434 608.27 751.126 2673
280 34 1995.8 1537.82 2673
