7 311 927.743 806.257 71
7 307 905 839.781 71
9 437 428.941 191.952 90
10 433 463.048 172.952 91
10 1182 605.107 680.967 98
11 559 699.045 886.856 102
11 564 734.586 873.78 105
13 683 565.448 174.964 121
13 687 524.603 186 121
13 683 565.448 174.964 121
13 813 763.871 815.739 123
13 1056 864 513.495 125
13 1060 856.571 481.603 127
13 810 734.124 828.002 125
14 1182 605.314 682 132
14 937 376.929 334.948 134
14 933 403.541 304.435 135
17 307 906.709 838.958 159
17 310 923.911 812.86 159
19 433 463.874 171.942 179
19 437 431.109 190.734 180
21 564 735.584 876.729 198
21 560 701.801 888.731 200
22 810 734.091 828.909 210
22 687 528.12 184 211
22 683 560.927 174.879 211
22 813 764.063 816.937 211
22 933 401.282 305.68 214
23 1182 605.77 684.7 218
23 1056 866 516.447 219
23 1186 642.513 689.963 219
23 937 377.478 332.722 219
23 1059 858.934 484.31 221
34 1018 672.538 768.773 322
34 1037 812.57 677.43 325
36 1092 680.612 267.019 348
44 160 291.699 260.182 421
45 134 481.062 120.876 431
45 138 446.594 136.9 432
47 334 1005 626.385 453
50 475 244.874 459.034 478
52 122 588.736 88 497
52 123 575.119 90.7812 500
56 231 298.586 843.886 538
57 232 305.716 851.816 540
57 243 384.462 914.462 543
57 256 484.622 954.622 543
57 250 437.226 938.908 543
57 161 292.868 258.132 547
58 250 438.349 939 551
59 1092 676.558 265.698 562
59 401 745.81 141.9 562
59 161 292.649 258.351 566
59 1056 866 516.441 566
59 334 1004 627.435 568
59 1059 860.3 490.127 568
60 401 745.247 141.083 570
60 230 294.597 836.665 573
60 1000 517.019 781.233 576
60 996 484.728 771.986 576
60 396 790.565 158 576
61 556 667.509 902.9 582
61 544 560.861 909.293 584
61 430 497.198 156.802 585
61 358 999.992 416.453 585
62 194 188.887 530.23 596
64 615 977 526.632 607
65 405 718.661 134.783 619
66 615 977 522.546 626
66 615 977 523.539 626
69 507 292.63 739.664 661
70 934 399.565 309.909 666
70 1122 433.089 347.775 670
71 767 376.536 758.536 677
71 759 331.425 700.918 677
71 741 275 553.038 682
73 256 483.035 951.701 693
73 996 484.397 769.68 694
73 400 760.973 147.945 694
73 937 380.318 333.682 696
73 266 569.551 973 698
73 268 591.022 977 696
73 297 839.364 907.676 699
77 588 907.777 749.129 737
77 591 921.587 730.313 740
77 601 961.982 655.482 740
77 603 965.856 632.917 740
80 230 290.153 824.153 768
81 233 307.007 846.377 769
86 537 494.146 895.786 823
87 124 581.641 87 831
88 168 258.857 300.137 842
89 908 605.351 219 851
91 364 988.916 366.916 871
92 766 377.161 757.461 878
92 847 928.983 585.099 876
92 733 283.932 485.025 878
92 364 990 368.204 881
92 807 709.723 845 882
92 814 768.949 819.814 883
94 538 503.262 897.078 897
95 783 498.899 838.439 906
95 758 329.598 696.274 907
96 830 875.037 724.163 913
95 791 569.285 858.054 912
96 839 913.721 650.089 913
103 279 682.577 975 979
103 168 259.977 296.913 986
105 406 710.796 132 1003
106 315 946.946 789.054 1011
106 446 382.953 225.813 1016
106 250 431.43 928.936 1017
110 207 202 630.138 1047
110 194 190.8 516.387 1049
111 194 190.186 511.956 1059
112 908 602.126 219.5 1066
111 911 575.677 222.683 1064
115 327 990.332 694.33 1094
116 58 1047.51 382.832 1106
116 61 1038.75 353.119 1109
116 36 1060.86 579.92 1110
117 72 1002.4 269.752 1116
119 36 1060 580.303 1138
120 57 1049.3 389.984 1144
120 61 1039.95 353.528 1144
120 72 1003.97 270.717 1147
121 249 419.705 922.505 1159
122 371 968.119 315.128 1163
122 464 280.67 353.115 1169
123 497 255.789 643.6 1177
125 733 284.594 485.408 1195
125 791 571.623 861.5 1196
126 839 910.942 647.564 1199
126 640 912.626 319.526 1200
126 814 768.855 825.145 1201
127 579 849.275 819.725 1216
127 586 897.634 771.36 1215
128 922 487.283 246.917 1223
128 934 404.36 310.84 1223
128 937 384.084 332.916 1223
128 1000 527.283 775.8 1223
128 995 492.265 763.67 1225
129 1133 375.924 426.747 1231
131 1133 375.865 427.135 1251
131 1000 528.85 776.15 1255
132 725 301.851 410.416 1256
131 996 494.742 763.968 1255
132 922 488.654 246.305 1256
132 933 405.647 309.259 1257
132 936 387.306 329.094 1257
132 766 375.514 753.514 1261
132 741 280 553.754 1262
132 831 878.895 716.085 1265
132 807 715.986 849.561 1265
136 125 587.55 83.6591 1298
137 162 298.647 238.853 1306
137 606 971 612.335 1306
138 141 446.401 130.299 1314
138 145 414.928 145.897 1316
140 360 1005.91 401.446 1333
140 353 1017.94 465.493 1334
141 407 716.88 130.946 1342
142 407 716.632 131 1353
144 605 968 629.681 1371
150 902 658.807 219.821 1434
154 303 872.536 882.364 1472
156 176 235.737 340.263 1494
157 740 283.986 550.236 1495
157 840 909.871 648.376 1495
157 791 573.429 861.913 1498
157 766 379.827 758.29 1498
157 816 786.808 819.192 1499
157 373 964.293 305.397 1500
157 494 250.168 607.058 1504
158 348 1022 511.352 1507
158 527 413.099 845.994 1510
158 494 250.67 607.573 1513
159 414 657.939 127.071 1514
159 271 603.342 968 1515
159 637 929.741 342.741 1521
159 662 761.176 200.888 1522
159 644 893.979 295.979 1523
160 597 946.28 695.08 1525
160 594 934.351 720.387 1525
160 662 761.75 200.829 1530
161 448 373.956 233.044 1538
162 222 248.75 732.75 1551
163 545 562.051 908 1555
166 917 528.662 228.946 1581
166 918 517.572 232.945 1581
166 513 323.725 764.925 1583
166 514 330.008 772.208 1583
168 361 1008 401.805 1602
169 904 642.823 218.514 1617
170 225 260.964 753.738 1628
171 226 268.485 766.485 1630
172 733 288.95 484.013 1641
172 807 717.861 853.5 1646
172 782 496.268 839.085 1645
172 829 870.525 730.402 1647
178 508 291.932 720.932 1700
180 543 541.389 903.95 1722
183 635 939.36 361.278 1747
183 642 906.312 310.447 1749
186 1055 871.248 528.851 1778
186 1059 865.988 490.744 1781
187 922 489.979 246.821 1790
187 995 496.556 766.556 1789
188 766 375.455 752.303 1792
188 741 286.2 554.359 1793
188 1133 377.516 429.053 1794
188 758 332.741 699.312 1795
188 725 306.369 409.045 1797
188 807 715.437 854.99 1798
188 828 864.032 739.031 1799
189 846 923.924 596.665 1801
190 186 210.679 407.299 1815
190 1055 870.5 526.838 1816
190 922 487.967 247.605 1815
190 1133 376.253 430.479 1815
190 1059 866.7 494.428 1818
190 999 533.145 778.834 1818
190 932 414.102 304.898 1818
190 179 227.905 352.052 1818
191 170 265.567 279.192 1822
194 406 734.863 131.863 1851
208 904 648.127 218.992 1982
210 791 572.584 864 2004
211 815 784.154 824.846 2011
211 725 307.646 406.615 2014
211 309 905.739 850.861 2015
211 758 333.979 698.839 2018
211 839 909.866 652.173 2019
213 309 905.861 851.139 2031
214 510 303.852 731.708 2044
215 186 211.723 407.11 2049
215 579 847.172 832.828 2055
215 612 977.816 570.805 2055
215 589 913.883 762.942 2056
215 620 975.238 499.395 2056
217 612 977.862 570.616 2068
217 911 580.188 216 2071
217 470 271.895 381.947 2074
217 390 863.004 192.504 2076
218 420 614.549 124.8 2079
220 510 304.831 733.916 2101
220 470 272.432 381.065 2105
221 620 975 498.185 2113
223 240 345.577 849.577 2125
223 510 306 734.802 2134
228 902 661.622 220 2173
228 406 743.515 135.634 2182
234 37 1063.96 602.578 2232
234 58 1064.43 410.053 2235
234 62 1051.99 376.298 2237
235 72 1014.96 295.335 2242
237 37 1063 604.628 2262
238 72 1015.86 296.057 2270
238 62 1052 375.616 2271
238 58 1064.34 410.08 2273
239 356 1023.85 452.551 2279
239 338 1017 623.533 2284
240 593 930.467 738.109 2296
242 341 1023.52 589.854 2307
243 617 979 529.056 2319
245 996 509.991 766.891 2342
245 1058 872 499.431 2341
246 1117 465.518 328.482 2346
246 999 536.47 777.565 2345
246 937 388.748 331.893 2348
246 1055 875.916 525.804 2348
248 932 414.022 301.978 2373
249 999 539.496 778.513 2376
249 1121 439.382 350.118 2376
249 995 508.118 765.957 2377
259 996 512.061 767.966 2471
259 999 541.829 779.726 2473
