23 958 1592.03 1163.67 222
24 948 1625 1244.57 232
26 955 1602 1188.42 251
31 1061 809.043 1059.95 298
31 1075 747.483 1168.12 298
32 1042 941.846 946.118 308
32 1190 1377.5 1584.5 308
32 1179 1307.52 1652.15 308
33 1066 780.663 1096.63 318
33 1195 1404.51 1551.49 318
34 1046 910.111 964.118 327
35 1180 1311.55 1649 337
36 1190 1375.17 1588.56 346
36 1217 1433.89 1363.95 346
36 1195 1402.05 1554.86 346
38 901 1550.52 1648.23 365
39 816 854.073 1812.01 375
39 246 271.6 1302.13 375
39 1217 1433.03 1367.46 375
40 955 1596.17 1184.27 384
40 907 1576 1601.32 384
41 847 1129.8 1851.3 394
41 181 450.87 757.922 394
42 842 1083.79 1853.3 404
44 781 619.86 1604.73 423
47 250 269 1342.28 451
50 186 428.26 799.643 480
50 182 446.874 768.079 480
50 622 1314.34 727 480
51 251 266.111 1351.4 490
51 246 267.758 1304.29 490
51 626 1276.27 723 490
53 609 1425.39 754.294 509
54 181 450.035 761.265 518
54 186 428.035 800.567 518
55 1067 764.819 1106.46 528
56 123 864.998 460.522 537
65 741 528.852 1266.08 623
66 937 1625 1334.88 633
67 917 1599.08 1514.09 642
68 820 881.027 1831.21 652
68 940 1622.9 1307.53 652
73 626 1265.93 728 700
75 643 1109.11 724.811 719
76 1104 723.408 1426.44 728
76 640 1137.31 723 728
76 514 1837 1448.59 728
76 1071 737.602 1140.4 728
76 631 1220.2 725 728
78 1084 699.556 1250.3 747
79 1068 747.65 1116.64 757
85 398 1157.68 2126.3 814
85 785 627.139 1647.44 814
87 976 1470.8 1021.8 833
87 506 1827.95 1524.52 833
87 466 1692.7 1851.41 833
87 515 1831.8 1441.82 833
95 1064 761.083 1087.71 910
99 943 1608.29 1274.26 948
102 930 1611.72 1392.7 977
102 745 517 1315.75 977
106 951 1586.64 1204.74 1015
106 251 255.6 1360.66 1015
107 744 514.77 1308.17 1024
107 704 609.664 967.435 1024
108 405 1210.03 2118.3 1034
108 324 523.966 1944.97 1034
108 314 459.782 1877.65 1034
112 605 1435.08 773.121 1072
113 614 1357.37 749 1082
113 183 433.365 787.499 1082
115 124 841.514 463.036 1101
115 883 1420.23 1754.77 1101
115 107 968.68 418.32 1101
115 119 881.52 447.48 1101
117 983 1407.95 977.851 1120
119 982 1414.38 981.988 1139
119 1091 670.384 1318.11 1139
120 1129 813.452 1615.15 1148
121 737 511.607 1249.56 1158
122 972 1482.9 1041.6 1168
124 601 1460.27 791.049 1187
124 805 753.064 1776.67 1187
124 596 1498.28 815.403 1187
124 955 1568.52 1167.9 1187
124 836 1015.77 1860 1187
125 706 591.704 989.87 1196
126 931 1603 1379.95 1206
126 931 1603 1379.95 1206
126 507 1809.2 1523.97 1206
126 596 1497.2 816.197 1206
127 598 1482.22 805.994 1215
129 726 519.617 1153.69 1234
130 713 554.519 1044.41 1244
132 1129 802.55 1617.95 1263
135 605 1424.83 778.13 1292
137 594 1507.32 828.317 1311
139 892 1474.06 1698.04 1330
140 406 1204.56 2123.81 1339
140 432 1418.91 2042.99 1339
141 896 1498.34 1670.66 1349
142 481 1747.94 1749.67 1359
143 1009 1177.9 901.3 1368
144 998 1274.69 917.51 1378
145 1006 1204.35 904 1387
145 1002 1239.96 908.911 1387
148 1091 651.5 1320.28 1416
148 1083 659 1248.11 1416
149 1182 1236.08 1737.78 1425
150 1074 685.024 1170.46 1435
150 1193 1315.15 1687.34 1435
151 1197 1340.51 1667.09 1444
153 1182 1233.73 1741.92 1464
154 1219 1412.1 1497.18 1473
154 1192 1306.86 1698.27 1473
154 1197 1340.78 1669.78 1473
155 1005 1208.06 905 1483
155 1045 868.042 982.878 1483
157 905 1534.28 1597.66 1502
157 1219 1410.9 1499.94 1502
157 927 1585.94 1409.78 1502
160 1060 757.41 1069.7 1530
160 752 496.1 1399.47 1530
162 724 511.1 1147.45 1550
162 720 518.973 1112.56 1550
164 314 434.953 1891.95 1569
164 399 1132.1 2141.72 1569
164 324 499.236 1958.43 1569
164 310 411.001 1864 1569
166 442 1484.86 2007.31 1588
166 252 245.098 1379.74 1588
166 248 247 1343.07 1588
166 482 1738.32 1748.78 1588
167 515 1793 1458.55 1597
167 508 1790.4 1522.58 1597
167 466 1655.21 1869.04 1597
167 466 1655.21 1869.04 1597
167 524 1788.28 1376.08 1597
167 601 1440.56 799.811 1597
168 188 400.007 835.125 1607
169 252 244 1380.06 1616
171 120 865.179 450.959 1636
171 406 1190.57 2131.22 1636
171 125 821.059 469.567 1636
172 108 941.076 420.324 1645
172 676 786.004 834.608 1645
172 188 399.562 835.424 1645
172 183 420.548 795.503 1645
173 995 1287.22 923.826 1655
174 677 777.038 839.628 1664
174 963 1514.86 1096.86 1664
174 936 1588 1323.95 1664
174 109 936.636 422.745 1664
175 974 1447.47 1021.47 1674
175 124 827.464 465.041 1674
175 849 1126.12 1856.3 1674
175 966 1498.9 1075.72 1674
176 675 792.148 830.626 1683
176 966 1499.09 1075.13 1683
176 960 1530.91 1118.58 1683
178 1112 680.927 1502.31 1702
180 1092 632 1331.76 1721
181 683 729.359 868.058 1731
186 608 1374.02 778.973 1779
187 626 1215.9 744 1788
188 927 1577.23 1403.7 1798
198 1095 624.8 1360.22 1893
198 1119 692.857 1561.03 1893
198 1084 629.135 1261.44 1893
202 1001 1221.44 912.072 1932
203 717 512.008 1103.48 1941
203 983 1369.27 968.011 1941
204 491 1747 1680.18 1951
204 508 1773 1530.54 1951
204 525 1769 1375.95 1951
204 988 1329.54 947.514 1951
205 407 1184.03 2135.97 1960
206 919 1558.33 1470.8 1970
206 955 1543 1151.48 1970
207 508 1773.8 1531.06 1979
207 525 1769 1375.51 1979
207 918 1555.88 1479.81 1979
209 785 591.768 1683.77 1998
209 783 579.063 1670.06 1998
214 672 799.784 828.652 2046
216 617 1285.3 762.402 2065
217 743 466.6 1337.29 2075
219 991 1299.47 936.7 2094
220 991 1298.74 936 2103
222 615 1299.7 767.282 2123
222 617 1281.55 762.2 2123
223 832 963.692 1861.81 2132
224 838 1018.84 1865 2142
225 253 234 1398.74 2151
225 734 466 1256.74 2151
226 735 466 1266.03 2161
227 189 384.175 850.53 2170
228 491 1735.87 1685.07 2180
228 253 232.495 1398.46 2180
229 685 693.589 894.411 2189
230 126 799.443 475.115 2199
231 604 1388.49 801 2208
232 955 1533.19 1146.69 2218
232 961 1505.51 1099.81 2218
232 921 1554 1448.49 2218
233 121 838.681 458.319 2228
237 292 298.602 1743.13 2266
248 292 295.511 1746.49 2371
250 149 617.002 581.098 2390
251 154 579.795 608.004 2400
251 292 293.311 1747.14 2400
252 227 255.041 1166.33 2409
256 1072 650.73 1173.64 2447
256 1068 669.672 1143.02 2447
263 944 1551.83 1233.7 2514
263 940 1558.89 1268.95 2514
265 1073 643.636 1183.37 2533
265 1068 667.821 1146.38 2533
265 818 832.377 1840.79 2533
265 815 805.845 1834.81 2533
267 152 591.631 599.309 2552
267 1195 1236.55 1789.11 2552
268 1073 642.563 1183.43 2562
268 1200 1276.99 1772.97 2562
268 1068 665.616 1146.39 2562
269 694 613.231 959.769 2571
270 151 598.942 595.058 2581
270 149 613.555 584.445 2581
270 689 647.921 929.079 2581
271 1222 1384.82 1616.81 2590
272 940 1555.1 1267.8 2600
272 815 804.871 1834.92 2600
272 1201 1283.62 1772.27 2600
272 944 1548.05 1232.63 2600
272 1196 1242.54 1788.48 2600
273 818 831.073 1841.04 2610
273 312 372.668 1906.57 2610
273 316 398.077 1933.98 2610
273 1222 1384 1618.6 2610
276 563 1627.03 1071.73 2638
276 944 1547.29 1231.04 2638
276 941 1553.33 1256.65 2638
276 567 1609 1041.34 2638
277 819 838.916 1843.72 2648
277 815 803.469 1834.95 2648
278 696 596.173 976.827 2657
278 692 623.335 950.665 2657
