2051 42 1322 1105.27 85
575 50 1996.97 1742.53 98
161 40 2575.89 1746.39 100
1523 45 1544.01 1657.57 105
319 47 2684.89 1626.71 112
614 50 2237.06 1448.74 112
2086 50 1328.2 778.722 137
2036 51 1314 1271.1 151
1989 50 1267.76 1710.12 176
2284 53 1202 1742.89 183
1955 51 1224.8 2027.28 189
863 53 1815.72 1918.38 190
823 57 2048.44 1631.76 233
533 65 1736.95 2040.25 235
598 65 2144.18 1552.35 248
56 56 1756.24 2267.36 254
654 65 2464.56 1150.24 263
101 59 2106.37 2029.04 274
2051 66 1326 1104.56 309
2020 66 1305 1408.19 311
319 68 2659.14 1621.86 321
567 73 1949.21 1787.92 322
1476 68 1387.63 2064.18 340
2261 70 1225 1547.01 346
362 72 2313.2 1839.8 347
1724 72 1713.38 979.443 347
2075 74 1335 885.674 371
1989 74 1272 1694.51 392
1799 75 1489.11 1670.87 395
1569 78 1714.7 1226.51 408
2202 79 1269 982.352 426
780 79 2292.97 1312.83 435
2266 79 1227.4 1569.77 438
839 79 1948.53 1751.39 442
69 77 1849.77 2205.44 453
538 88 1753.79 2018.11 460
2207 84 1268.42 1007.59 461
903 79 1579.05 2210.91 462
785 84 2275.64 1334.02 466
384 87 2123.42 1970.49 472
2261 84 1229.93 1539 472
598 88 2130.82 1552.17 473
1534 84 1607.03 1522.97 475
630 89 2316.16 1314.84 477
844 84 1930.4 1772.75 480
2320 84 1195.4 2101.94 488
899 84 1596.23 2188.4 499
1571 88 1720.98 1208.44 499
2036 89 1319.1 1259.59 530
1451 86 1312.99 2287.29 537
1997 89 1282.26 1633.15 545
7 85 1388.86 2556.14 550
1450 90 1315.08 2286.78 555
653 97 2445.59 1144.47 565
7 88 1390.44 2556.59 566
309 95 2720.54 1564.4 575
1833 93 1401.81 1968.28 578
751 105 2480.88 1061.32 669
534 112 1727.47 2048.53 691
575 112 1972.29 1745.71 699
1541 108 1632.47 1466.53 700
630 113 2305.86 1310.64 706
614 113 2205.09 1442.91 708
2051 113 1333.81 1093.48 748
2020 112 1312.41 1388.43 762
598 121 2119.01 1554.54 793
2184 121 1285 788.281 812
2075 121 1347.1 867.818 830
2036 121 1325 1248.19 846
1594 131 1790 979.552 921
630 136 2297.78 1310.55 936
392 136 2052.83 2024.13 948
2202 138 1271 979.269 980
2051 137 1338.9 1084.8 982
781 138 2282.45 1289.87 989
1989 136 1290.93 1680.65 1001
1959 136 1260.32 1973.04 1004
844 137 1927.59 1763.25 1006
2320 138 1222.83 2103.79 1008
567 144 1929.4 1795.6 1012
2334 137 1214.6 2227.7 1017
598 144 2113.77 1558.83 1017
2207 143 1270 999.248 1025
785 142 2266.29 1313.75 1031
1503 140 1511.01 1810.67 1032
2265 142 1246 1570.66 1041
2324 143 1222.66 2129.85 1045
839 143 1947.59 1734.13 1047
80 138 1952.37 2148.33 1048
2334 143 1215.06 2227.13 1049
899 142 1609.33 2194.62 1060
320 145 2604.48 1612.52 1061
1742 146 1661.46 1136.74 1064
2036 145 1329 1232.04 1073
1451 145 1343.92 2266.78 1098
29 144 1569.18 2457.82 1104
7 144 1406.26 2588.74 1106
1451 148 1346.6 2263.39 1118
7 146 1405.82 2589.96 1121
29 146 1568.43 2459.77 1123
533 159 1732.46 2052.61 1138
1552 158 1669.07 1368.72 1189
2075 160 1349.9 856.757 1200
2020 160 1322.1 1376.35 1212
2169 164 1292 656.006 1227
575 168 1963.28 1751.12 1227
598 168 2110.3 1558.8 1230
1503 163 1517 1807.44 1249
2051 168 1340 1074.08 1275
1955 168 1273.78 1988.95 1308
319 172 2597.34 1609.77 1315
523 182 1673.35 2135.65 1368
567 182 1926.39 1799.61 1371
1587 179 1777 1008.65 1376
615 182 2188.77 1447.23 1387
167 178 2607.85 1642.15 1411
2087 183 1357.6 737.585 1425
1552 184 1672.75 1359.25 1437
1722 182 1714.38 972.741 1438
534 190 1729.05 2064.48 1448
1960 183 1284 1954.49 1455
407 191 1931.84 2126.24 1461
630 191 2278.61 1318.15 1463
320 188 2583.82 1614.67 1466
1989 191 1312 1662.29 1523
1825 192 1448.09 1917.86 1537
2202 197 1285.3 974.174 1554
785 197 2259.73 1295.84 1557
2266 197 1266.4 1562.99 1558
1489 195 1490.84 1912 1562
844 196 1931.18 1758.32 1566
2324 197 1250.96 2128.28 1570
1551 198 1680.94 1343.06 1571
65 195 1849.95 2241.27 1574
780 201 2275.56 1274.44 1591
575 206 1959.97 1760 1604
599 206 2102.32 1566.97 1606
2261 201 1268.7 1543.47 1608
2334 201 1247.84 2233.02 1611
839 201 1948.34 1729.76 1612
2320 201 1254.25 2104.62 1614
913 202 1555.41 2290.59 1617
654 207 2393.76 1140.8 1625
57 202 1780.64 2299.58 1650
1450 203 1381.9 2251.91 1652
1607 209 1822.45 839.205 1654
1497 206 1515.87 1844.51 1656
2020 207 1336 1360.71 1660
29 202 1584.29 2467.41 1664
7 203 1422.41 2600.59 1665
1450 207 1383.08 2248.99 1680
1726 210 1712 991.157 1681
7 205 1422.72 2600.71 1684
29 205 1583.45 2468.55 1686
304 210 2679.77 1529.34 1692
186 207 2731.75 1534.13 1693
615 216 2178.99 1455.51 1706
71 210 1890.63 2212.17 1715
2051 216 1354.5 1058.37 1746
1996 216 1326.3 1592.34 1764
1955 215 1296.33 1976.92 1770
407 227 1922.22 2139.85 1800
1536 222 1639 1482.86 1809
575 230 1957.94 1764.88 1827
1607 228 1829.17 820.018 1835
114 222 2201.35 1959.05 1839
309 228 2641.19 1553.79 1846
186 223 2738.09 1523.24 1855
1829 228 1456.71 1933.38 1872
2075 230 1363.7 832.943 1878
2173 232 1311.7 673.636 1888
538 239 1742.4 2059 1905
746 233 2466.21 994.784 1911
1542 235 1666 1411.04 1921
1997 239 1337 1584.31 1985
1503 241 1548.03 1781.37 1993
1959 239 1311 1944.4 1994
119 239 2241.84 1927.42 1996
66 241 1854.65 2247.85 2016
598 254 2092.87 1581.13 2064
654 254 2381.01 1146.58 2075
1589 254 1787.5 988.753 2098
2076 255 1362 824.53 2110
2207 257 1300.14 1000.14 2125
785 256 2261.89 1281.82 2128
2266 256 1288.93 1564.62 2131
166 253 2590.84 1635.16 2136
844 256 1941.23 1760.07 2138
575 262 1958.06 1773.44 2141
2324 256 1279.26 2130.89 2141
903 256 1616.65 2222.34 2150
614 262 2168.99 1468.11 2160
2203 261 1304.2 966.711 2163
2261 261 1291 1536.61 2163
2334 261 1276.6 2225.75 2177
2320 261 1282 2100.56 2180
290 261 2757.28 1453.71 2186
913 261 1568.41 2295.59 2188
2036 263 1358.14 1194.71 2203
1726 265 1717.12 985.054 2203
1997 263 1343.3 1578.11 2214
1959 263 1320.92 1931.61 2220
1451 263 1414.42 2232.48 2222
1429 263 1346.69 2458.14 2228
7 265 1447.22 2608.94 2232
29 262 1596.12 2479.78 2232
1451 266 1413.64 2234.84 2246
7 265 1449.62 2607.93 2250
29 265 1595.65 2481.35 2254
175 266 2650.75 1584.45 2265
534 278 1727.75 2092.58 2274
66 268 1854.68 2252.32 2282
1584 276 1783.77 1005.43 2319
1533 278 1653.54 1468.14 2328
2051 278 1359.5 1027.66 2346
2020 278 1356 1335.27 2350
1989 278 1343.3 1632.51 2354
1807 283 1529.52 1743.47 2399
2075 287 1359 816.486 2414
1959 286 1329.6 1921.21 2439
2169 294 1310.6 627.411 2478
1955 302 1333.7 1944.27 2594
1499 304 1566.87 1774.14 2602
1812 306 1522.77 1789.14 2610
