2323 80 1370.179 2072.81 32.0
2259 80 1303.0 1486.37 47.0
108 71 1520.8 1339.79 50.0
301 72 1443.0 765.699 51.0
901 80 1517.0 2074.95 60.0
108 74 1522.304 1339.19 61.0
2318 85 1366.243 2038.45 64.0
2202 80 1240.0 933.036 65.0
838 80 1465.855 1487.27 70.0
79 74 1552.4 1613.24 73.0
2264 85 1309.883 1522.56 80.0
779 80 1409.8 933.226 85.0
897 85 1518.0 2043.74 101.0
2206 85 1244.0 955.931 104.0
842 85 1474.647 1522.65 111.0
784 85 1416.738 965.807 121.0
1805 89 1382.9 1628.47 130.0
2035 89 1318.694 1219.46 134.0
128 80 1515.742 1152.9 134.0
1533 85 1392.7 1374.73 138.0
1449 87 1458.6 2175.27 157.0
536 89 1526.65 1852.74 158.0
5 86 1639.6 2289.72 173.0
27 86 1618.0 2087.35 180.0
1449 90 1461.9 2173.92 182.0
384 88 1535.176 1540.23 187.0
5 89 1642.611 2288.07 194.0
27 89 1621.6 2087.08 199.0
1606 92 1331.5 694.806 216.0
2074 98 1287.0 842.674 232.0
164 91 1493.2 802.362 233.0
1729 97 1311.7 921.344 238.0
770 100 1413.0 833.232 260.0
2192 101 1235.0 844.137 261.0
652 98 1445.069 742.069 262.0
310 96 1469.368 822.452 275.0
1605 104 1339.8 699.242 329.0
743 106 1391.9 579.952 340.0
1729 108 1313.173 915.073 350.0
1958 114 1390.124 1952.15 350.0
743 108 1393.1 580.935 352.0
1995 114 1359.5 1601.06 356.0
2035 114 1327.0 1220.12 368.0
2050 114 1313.995 1073.99 372.0
1995 122 1364.628 1598.63 441.0
2166 120 1208.569 604.498 447.0
2074 122 1298.3 851.469 464.0
613 121 1494.305 1117.81 493.0
117 118 1567.6 1252.11 494.0
565 121 1532.6 1560.51 497.0
1540 123 1412.823 1322.27 500.0
1958 137 1404.817 1955.92 565.0
2322 139 1404.435 2087.28 586.0
2035 137 1339.0 1227.56 590.0
2049 137 1326.083 1083.4 595.0
1812 138 1427.122 1712.33 600.0
2264 139 1339.0 1534.8 605.0
2260 139 1335.0 1499.54 609.0
898 139 1566.0 2054.58 615.0
902 139 1568.0 2083.74 616.0
596 137 1516.907 1255.06 627.0
2323 143 1407.0 2090.12 628.0
573 137 1536.663 1489.91 628.0
536 137 1566.743 1842.63 628.0
2202 139 1265.755 950.557 629.0
838 139 1516.0 1497.7 630.0
1594 136 1369.9 816.476 632.0
2192 139 1255.6 862.325 635.0
779 138 1455.3 933.761 644.0
902 143 1570.2 2080.74 653.0
898 143 1568.9 2048.05 654.0
173 135 1527.596 734.892 660.0
1995 145 1376.6 1606.86 664.0
2192 143 1255.87 860.767 666.0
2202 143 1268.0 951.502 668.0
842 143 1523.003 1532.0 671.0
1500 141 1463.8 1708.36 673.0
1502 141 1461.668 1690.31 678.0
1511 141 1453.9 1603.85 680.0
770 143 1449.0 854.448 681.0
80 140 1629.4 1605.47 693.0
1449 146 1506.4 2174.85 718.0
1737 147 1344.58 1009.61 718.0
652 145 1483.1 739.084 718.0
27 144 1692.7 2088.6 728.0
1724 147 1331.9 895.649 730.0
1449 149 1508.213 2176.07 738.0
1721 148 1328.384 867.255 744.0
27 148 1695.77 2089.91 752.0
320 145 1521.0 919.044 756.0
1721 150 1328.5 866.6 756.0
315 146 1518.98 892.385 760.0
65 150 1654.476 1742.98 790.0
2074 160 1318.9 858.063 830.0
2166 160 1224.499 618.964 836.0
1550 159 1428.881 1227.18 847.0
1547 159 1432.006 1253.53 853.0
532 160 1587.0 1876.16 856.0
746 162 1435.2 621.764 863.0
129 157 1587.814 1155.32 870.0
1721 163 1334.5 857.243 876.0
1502 163 1477.867 1697.89 894.0
2086 168 1310.889 753.246 906.0
2176 180 1245.832 700.586 1030.0
1606 179 1385.881 705.791 1049.0
165 178 1562.0 789.532 1075.0
1740 187 1374.0 1048.72 1101.0
1987 192 1414.407 1670.95 1104.0
1550 185 1447.078 1235.82 1106.0
129 183 1600.0 1158.39 1121.0
318 185 1548.0 929.7 1140.0
2323 198 1431.2 2103.2 1143.0
1799 197 1455.7 1615.71 1158.0
565 192 1578.855 1551.16 1164.0
2264 198 1367.0 1542.26 1165.0
406 192 1642.698 1757.26 1176.0
2323 202 1434.3 2104.01 1184.0
838 198 1553.664 1510.11 1187.0
2206 198 1294.0 987.736 1189.0
2192 198 1279.48 878.428 1192.0
1487 196 1507.379 1821.78 1196.0
784 197 1494.3 972.608 1204.0
2260 202 1365.9 1518.92 1210.0
897 202 1607.269 2063.17 1212.0
842 202 1561.0 1540.22 1224.0
1958 208 1448.055 1971.6 1240.0
1958 208 1448.0 1970.6 1240.0
779 202 1493.0 941.431 1241.0
771 202 1484.9 862.631 1244.0
1995 208 1421.996 1618.83 1250.0
2035 208 1388.261 1242.29 1260.0
1550 202 1454.879 1228.35 1265.0
1503 201 1501.205 1685.83 1274.0
1449 204 1535.8 2178.01 1275.0
6 203 1748.4 2292.32 1283.0
27 203 1721.729 2091.29 1286.0
79 203 1660.0 1615.74 1289.0
1449 208 1537.097 2178.83 1300.0
536 207 1612.78 1839.92 1301.0
28 207 1723.011 2092.93 1312.0
1605 209 1404.063 706.77 1339.0
2019 217 1407.8 1376.05 1350.0
184 208 1564.461 634.711 1365.0
301 210 1543.078 780.822 1380.0
652 216 1522.5 733.267 1396.0
1743 224 1404.524 1069.63 1446.0
1708 223 1361.7 757.632 1458.0
1803 229 1483.1 1654.83 1462.0
1958 232 1465.0 1976.82 1465.0
1534 223 1484.0 1392.19 1467.0
1995 231 1438.142 1625.13 1474.0
309 223 1558.49 858.653 1486.0
113 222 1637.4 1310.16 1488.0
2035 231 1405.9 1251.8 1492.0
1606 225 1411.0 699.441 1498.0
405 227 1662.805 1748.71 1513.0
574 231 1595.007 1482.7 1522.0
613 231 1563.0 1111.66 1531.0
2193 234 1296.73 852.927 1540.0
1954 240 1473.005 2002.2 1549.0
2165 236 1263.608 619.874 1560.0
1995 240 1443.43 1621.39 1562.0
2018 240 1423.572 1390.64 1572.0
129 231 1627.8 1153.12 1575.0
2074 240 1372.193 871.432 1592.0
762 239 1496.4 787.663 1593.0
536 240 1629.728 1838.06 1610.0
532 239 1631.1 1869.17 1612.0
1542 239 1486.4 1318.04 1613.0
613 239 1568.118 1111.86 1621.0
652 239 1532.1 731.47 1622.0
1803 247 1498.989 1669.66 1643.0
407 246 1677.0 1779.92 1689.0
1958 256 1480.027 1984.49 1692.0
2323 257 1471.401 2111.45 1707.0
2035 255 1420.0 1253.0 1711.0
2260 257 1399.873 1524.86 1719.0
2264 257 1405.913 1559.39 1720.0
2049 256 1404.0 1082.64 1722.0
2323 261 1474.254 2114.48 1746.0
532 255 1638.0 1868.13 1748.0
535 255 1637.599 1838.4 1748.0
574 255 1608.938 1483.43 1751.0
838 257 1587.0 1523.48 1754.0
2201 257 1325.0 973.74 1756.0
784 257 1528.3 977.196 1768.0
2264 262 1408.0 1561.89 1771.0
2260 262 1404.1 1529.17 1772.0
1954 264 1487.4 2009.16 1775.0
898 261 1638.0 2066.86 1778.0
1995 264 1458.82 1627.9 1790.0
2206 262 1331.294 997.158 1794.0
843 262 1593.905 1554.42 1794.0
2192 262 1314.2 885.356 1796.0
1449 264 1571.8 2182.23 1840.0
566 263 1618.0 1553.43 1842.0
613 263 1579.4 1105.53 1848.0
652 263 1545.0 736.012 1852.0
1488 266 1550.047 1816.59 1854.0
1722 266 1413.979 915.306 1861.0
1449 268 1573.646 2180.66 1863.0
28 266 1737.926 2101.52 1874.0
300 265 1568.986 776.566 1898.0
1595 269 1445.853 799.197 1910.0
1958 279 1493.945 1984.22 1920.0
173 268 1600.0 727.558 1931.0
2168 276 1290.9 650.983 1942.0
2019 279 1447.184 1406.04 1944.0
1595 273 1449.893 811.574 1945.0
1552 274 1498.8 1212.24 1960.0
2074 279 1399.47 883.57 1963.0
746 279 1498.999 634.773 1982.0
1806 284 1526.6 1701.86 1985.0
1532 278 1520.0 1392.6 1985.0
596 278 1600.865 1250.01 1985.0
1535 278 1517.951 1368.51 1986.0
573 278 1621.138 1483.6 1987.0
170 274 1605.003 756.79 1988.0
652 279 1551.525 730.115 1994.0
111 277 1667.914 1318.54 1999.0
1995 287 1470.6 1637.66 2008.0
2086 287 1389.0 776.997 2040.0
384 283 1675.118 1561.28 2047.0
532 287 1655.1 1880.27 2060.0
596 287 1605.4 1257.3 2067.0
1784 295 1512.672 1506.26 2098.0
2168 295 1302.0 651.031 2130.0
363 294 1660.88 1369.89 2151.0
305 293 1589.752 823.307 2158.0
2019 304 1460.3 1405.8 2164.0
360 297 1662.173 1349.04 2187.0
2074 303 1412.2 889.472 2192.0
536 303 1659.7 1833.53 2208.0
613 302 1598.95 1103.02 2217.0
652 303 1562.177 726.307 2220.0
1954 312 1513.56 2029.0 2224.0
1995 312 1485.0 1639.98 2235.0
391 306 1696.2 1629.58 2255.0
112 304 1681.879 1307.39 2260.0
2074 311 1416.2 885.633 2269.0
2319 317 1503.0 2093.66 2272.0
1493 309 1572.3 1782.9 2274.0
1493 311 1573.1 1782.66 2282.0
2264 317 1437.4 1563.32 2295.0
2260 317 1434.523 1542.82 2296.0
2323 321 1507.9 2119.99 2310.0
2206 317 1363.5 1011.06 2316.0
2206 317 1363.6 1011.14 2317.0
2260 322 1436.9 1542.25 2340.0
2264 322 1440.334 1569.15 2343.0
2201 322 1363.948 991.858 2358.0
1585 318 1486.0 893.923 2371.0
1589 318 1481.2 855.493 2372.0
1958 328 1522.426 2000.61 2380.0
1427 324 1615.4 2380.69 2405.0
1449 324 1609.0 2186.5 2410.0
1427 328 1615.0 2380.65 2421.0
1449 328 1611.1 2185.99 2428.0
1995 335 1501.7 1644.52 2488.0
2074 336 1432.151 895.924 2501.0
1995 350 1507.656 1650.35 2599.0
1995 350 1508.0 1651.2 2599.0
2035 350 1478.154 1268.86 2626.0
