58 56 320.166 662.166 21
58 61 331.035 705.505 22
57 36 400.149 503.651 23
62 297 658.853 380.853 29
62 294 690.804 406.404 35
62 178 297.118 513.151 37
62 174 317.382 478.168 38
62 56 321 664.525 58
62 36 400.469 500.631 60
62 61 331 705.524 61
71 294 689.171 405.2 125
71 297 660.625 382.025 127
71 178 296.22 506.78 131
71 174 313.89 477.91 133
79 1044 106 499.191 133
80 987 527.566 220.1 162
82 972 662.592 250.561 172
82 963 728.221 279.128 173
80 927 923.1 566.341 180
82 904 893 773.952 187
82 908 904 743.886 193
90 1042 106.4 486.833 237
89 986 525.01 219.398 239
90 979 587.866 227.868 242
90 919 924.169 633.685 258
91 927 920.195 564.179 265
109 1042 99.4177 490.611 402
101 314 474.202 336.012 403
107 977 606.204 230.273 415
107 964 720.181 276.875 421
100 120 695.596 585.404 441
109 904 884.093 769.907 446
111 534 271.204 399.471 474
111 617 512.346 928.891 479
116 1069 81.3262 735.301 479
113 546 198.752 486.808 484
113 581 208.363 799.864 486
116 1006 335.465 240.221 486
111 337 297.178 418.822 490
111 373 222.612 741.11 496
113 391 334.277 859.477 507
113 404 454.771 886 508
110 118 693 584.054 510
111 221 412.65 846.979 513
116 617 507.84 928.1 522
120 482 716.518 379.618 570
119 288 701.85 435.85 580
117 56 314.818 653.83 592
120 47 305 570.309 607
126 587 240.257 842.172 612
120 56 313.866 652.501 613
128 572 168.764 722.935 618
128 556 160.524 564.235 627
129 606 403.166 928 640
129 579 190.577 777.577 641
127 343 256.439 462.261 644
128 337 290.729 418.05 648
127 419 586.369 860.121 650
128 414 538.384 876.288 654
128 281 730.303 497.946 659
127 247 630.74 792.175 672
127 135 618.879 448.554 678
130 249 658.507 764.093 684
129 148 495.141 380.8 693
135 587 235.95 837.95 697
140 720 599.757 263 751
144 161 390.451 387.473 826
144 119 682.896 566.145 856
157 546 193.452 473.719 906
160 866 580.354 969 921
159 593 287.348 882.928 923
157 376 226.966 764.166 929
156 118 680 566.498 940
162 860 540.945 977 944
157 237 562.783 829.674 948
159 443 766.961 691.466 950
159 452 794 635.505 951
159 258 705.111 690.504 962
159 244 627.297 790.003 964
166 549 173.662 507.014 997
166 319 437.554 329.1 1010
175 1069 76 736.231 1041
175 1079 102.612 822.612 1043
175 1006 312.439 233.561 1046
175 1010 282.129 245.96 1046
174 799 104 673.366 1051
174 776 137.446 451.55 1051
174 728 499.717 243 1069
175 947 812.498 382.498 1071
179 1069 75.5 734.858 1076
179 1079 100.823 820.735 1076
179 1005 311.272 232.769 1080
179 1010 279.456 246.051 1081
175 888 762.11 876.89 1082
176 611 448.005 930 1086
176 505 498.166 285 1097
176 501 523.942 288 1098
179 951 784.991 348.834 1103
176 510 455.889 285 1104
176 383 263.254 813.954 1108
179 545 194.207 460.993 1109
179 534 240.059 400.554 1110
177 330 331.691 364 1117
179 480 718.312 392.312 1130
176 283 712.863 477.293 1132
177 272 728.466 556.628 1135
176 178 260.001 498.867 1135
176 167 309.374 420.826 1137
179 317 449.856 323.3 1138
179 305 537.511 327.2 1143
181 704 707.903 330.603 1144
181 697 760.371 388.369 1146
175 56 296.473 647.468 1148
175 36 347.598 471.617 1148
176 132 617.038 447.972 1148
175 71 373.703 750.803 1150
175 60 315.911 678.911 1151
180 71 375.007 752.607 1185
180 35 345.592 471.408 1186
180 55 295.688 648.188 1186
179 60 315.202 679.581 1188
186 232 520.747 839.895 1235
193 388 300.419 843.747 1273
194 155 412.57 367 1310
196 140 547.245 403.245 1328
196 135 590.861 428.869 1330
206 728 495.29 239 1370
206 689 785.62 434.611 1386
208 365 184.837 651.251 1420
210 633 642.003 890.792 1424
211 511 424.825 281.809 1424
208 419 594.042 844.158 1425
208 298 592.206 346.238 1434
207 121 671.091 538.252 1436
213 355 185 567.833 1451
212 332 294.236 379.882 1455
212 168 299.204 416.796 1480
221 800 93.0133 664.41 1500
221 807 109 732.589 1501
221 875 642.46 943.931 1509
221 621 529.056 926 1523
218 209 309.322 777.822 1546
224 619 508.718 929 1548
226 334 275.629 386.58 1602
234 1065 58.0551 692.137 1604
235 1069 66 729.165 1604
235 1079 97.5905 819.69 1610
228 482 679.332 363.89 1613
232 569 141 694.736 1620
232 566 134 660.714 1622
232 562 128.969 628.499 1627
238 1079 95.8933 816.19 1640
238 1065 57.669 693.008 1643
238 1069 66.2489 730.919 1645
235 892 771.034 842.466 1646
238 1006 291.048 220.338 1647
235 526 278.76 342.04 1647
235 575 153.082 736.669 1648
235 878 681.804 923.296 1650
234 614 462.587 933 1651
234 622 549.932 921.1 1652
234 634 643.706 890.012 1655
237 791 88 576.542 1657
232 298 580.427 339.319 1660
231 168 291.616 415.384 1665
239 947 788.419 368.119 1668
234 366 180.4 664.173 1669
237 720 557.485 245.991 1672
235 286 664.543 423.343 1682
234 172 270.242 440.287 1688
238 47 274.357 557.936 1738
238 56 284.601 639.601 1742
244 251 659.405 731.503 1788
247 388 284.788 838.988 1789
247 119 656.24 521.103 1837
261 790 81.9 577.846 1872
261 776 108.606 444.394 1874
261 799 87.0282 670.402 1876
265 549 138.583 514.031 1947
268 541 176.482 438.618 1970
265 410 492.224 870.165 1973
268 313 433.488 308.293 1988
268 332 269.71 375.39 1990
272 720 536.088 239.767 1992
268 294 603.853 358.353 1996
277 862 515.655 977.303 2044
294 1005 268.893 214.167 2183
290 447 741.096 651.704 2207
298 1069 53.2618 724.046 2208
298 1006 269.126 213.597 2214
294 893 753.384 837.616 2217
294 602 351.07 916.812 2222
294 480 661.524 355.025 2230
294 384 256.404 817.408 2233
298 566 120.6 663.112 2233
294 388 281.222 837.097 2235
299 947 771.976 353.953 2237
294 412 498.279 866.726 2245
298 889 733.133 860.867 2250
293 138 515.341 382.078 2260
296 445 731.546 671.554 2262
294 201 250.289 702.012 2262
293 55 278.099 633.099 2282
293 61 297.958 658.592 2282
297 153 404.286 347.178 2286
293 35 292.992 453.608 2287
294 71 369.655 726.655 2291
298 35 293.181 451.319 2316
298 61 299.91 659.01 2320
299 71 369.745 726.748 2322
298 56 276.134 629.484 2323
311 276 675.2 490.788 2413
