310 276 1592.03 1163.67 222
310 291 1625 1244.57 232
308 281 1602 1188.42 251
297 182 809.043 1059.95 298
294 168 747.483 1168.12 298
297 201 941.846 946.118 308
298 60 1377.5 1584.5 308
298 70 1307.52 1652.15 308
294 177 780.663 1096.63 318
298 56 1404.51 1551.49 318
294 196 910.111 964.118 327
294 70 1311.55 1649 337
294 60 1375.17 1588.56 346
298 35 1433.89 1363.95 346
294 56 1402.05 1554.86 346
297 332 1550.52 1648.23 365
297 412 854.073 1812.01 375
307 951 271.6 1302.13 375
294 36 1433.03 1367.46 375
293 281 1596.17 1184.27 384
295 327 1576 1601.32 384
294 380 1129.8 1851.3 394
307 1010 450.87 757.922 394
294 389 1083.79 1853.3 404
293 446 619.86 1604.73 423
298 947 269 1342.28 451
298 1006 428.26 799.643 480
298 1010 446.874 768.079 480
294 596 1314.34 727 480
294 947 266.111 1351.4 490
294 951 267.758 1304.29 490
294 592 1276.27 723 490
294 607 1425.39 754.294 509
294 1010 450.035 761.265 518
294 1006 428.035 800.567 518
270 177 764.819 1106.46 528
294 1065 864.998 460.522 537
271 484 528.852 1266.08 623
268 298 1625 1334.88 633
269 317 1599.08 1514.09 642
268 411 881.027 1831.21 652
265 294 1622.9 1307.53 652
271 592 1265.93 728 700
269 576 1109.11 724.811 719
250 143 723.408 1426.44 728
268 580 1137.31 723 728
272 697 1837 1448.59 728
250 173 737.602 1140.4 728
268 588 1220.2 725 728
248 162 699.556 1250.3 747
247 177 747.65 1116.64 757
261 807 1157.68 2126.3 814
250 442 627.139 1647.44 814
246 264 1470.8 1021.8 833
261 704 1827.95 1524.52 833
260 744 1692.7 1851.41 833
261 697 1831.8 1441.82 833
232 180 761.083 1087.71 910
235 294 1608.29 1274.26 948
232 306 1611.72 1392.7 977
235 479 517 1315.75 977
229 285 1586.64 1204.74 1015
239 947 255.6 1360.66 1015
228 481 514.77 1308.17 1024
232 519 609.664 967.435 1024
237 800 1210.03 2118.3 1034
235 878 523.966 1944.97 1034
235 888 459.782 1877.65 1034
234 614 1435.08 773.121 1072
232 604 1357.37 749 1082
235 1010 433.365 787.499 1082
234 1065 841.514 463.036 1101
221 350 1420.23 1754.77 1101
235 1079 968.68 418.32 1101
234 1069 881.52 447.48 1101
215 255 1407.95 977.851 1120
212 257 1414.38 981.988 1139
207 154 670.384 1318.11 1139
207 121 813.452 1615.15 1148
218 487 511.607 1249.56 1158
211 266 1482.9 1041.6 1168
222 617 1460.27 791.049 1187
211 423 753.064 1776.67 1187
221 621 1498.28 815.403 1187
208 282 1568.52 1167.9 1187
210 396 1015.77 1860 1187
213 518 591.704 989.87 1196
208 305 1603 1379.95 1206
208 305 1603 1379.95 1206
221 704 1809.2 1523.97 1206
220 621 1497.2 816.197 1206
219 619 1482.22 805.994 1215
208 498 519.617 1153.69 1234
208 511 554.519 1044.41 1244
193 120 802.55 1617.95 1263
210 614 1424.83 778.13 1292
208 623 1507.32 828.317 1311
196 341 1474.06 1698.04 1330
205 799 1204.56 2123.81 1339
206 776 1418.91 2042.99 1339
193 338 1498.34 1670.66 1349
206 728 1747.94 1749.67 1359
188 232 1177.9 901.3 1368
186 244 1274.69 917.51 1378
185 236 1204.35 904 1387
186 239 1239.96 908.911 1387
179 154 651.5 1320.28 1416
176 161 659 1248.11 1416
179 71 1236.08 1737.78 1425
176 171 685.024 1170.46 1435
180 61 1315.15 1687.34 1435
179 56 1340.51 1667.09 1444
176 71 1233.73 1741.92 1464
180 36 1412.1 1497.18 1473
176 60 1306.86 1698.27 1473
175 56 1340.78 1669.78 1473
177 236 1208.06 905 1483
172 200 868.042 982.878 1483
179 330 1534.28 1597.66 1502
176 36 1410.9 1499.94 1502
176 309 1585.94 1409.78 1502
168 185 757.41 1069.7 1530
176 475 496.1 1399.47 1530
176 501 511.1 1147.45 1550
176 505 518.973 1112.56 1550
179 888 434.953 1891.95 1569
181 807 1132.1 2141.72 1569
180 878 499.236 1958.43 1569
179 892 411.001 1864 1569
181 767 1484.86 2007.31 1588
179 947 245.098 1379.74 1588
179 951 247 1343.07 1588
181 728 1738.32 1748.78 1588
181 697 1793 1458.55 1597
182 704 1790.4 1522.58 1597
181 744 1655.21 1869.04 1597
181 744 1655.21 1869.04 1597
181 689 1788.28 1376.08 1597
179 618 1440.56 799.811 1597
179 1006 400.007 835.125 1607
175 947 244 1380.06 1616
179 1069 865.179 450.959 1636
174 800 1190.57 2131.22 1636
179 1065 821.059 469.567 1636
179 1080 941.076 420.324 1645
170 546 786.004 834.608 1645
175 1006 399.562 835.424 1645
175 1010 420.548 795.503 1645
159 245 1287.22 923.826 1655
167 545 777.038 839.628 1664
159 275 1514.86 1096.86 1664
159 300 1588 1323.95 1664
175 1080 936.636 422.745 1664
157 266 1447.47 1021.47 1674
175 1065 827.464 465.041 1674
160 383 1126.12 1856.3 1674
159 272 1498.9 1075.72 1674
164 547 792.148 830.626 1683
157 272 1499.09 1075.13 1683
157 279 1530.91 1118.58 1683
147 136 680.927 1502.31 1702
146 154 632 1331.76 1721
159 538 729.359 868.058 1731
159 610 1374.02 778.973 1779
157 593 1215.9 744 1788
146 309 1577.23 1403.7 1798
127 151 624.8 1360.22 1893
127 130 692.857 1561.03 1893
127 163 629.135 1261.44 1893
130 241 1221.44 912.072 1932
136 510 512.008 1103.48 1941
130 258 1369.27 968.011 1941
144 720 1747 1680.18 1951
144 704 1773 1530.54 1951
144 689 1769 1375.95 1951
127 252 1329.54 947.514 1951
140 799 1184.03 2135.97 1960
129 318 1558.33 1470.8 1970
127 283 1543 1151.48 1970
140 704 1773.8 1531.06 1979
140 689 1769 1375.51 1979
128 318 1555.88 1479.81 1979
127 445 591.768 1683.77 1998
127 448 579.063 1670.06 1998
127 552 799.784 828.652 2046
129 604 1285.3 762.402 2065
119 485 466.6 1337.29 2075
113 249 1299.47 936.7 2094
111 249 1298.74 936 2103
123 606 1299.7 767.282 2123
123 604 1281.55 762.2 2123
111 401 963.692 1861.81 2132
111 395 1018.84 1865 2142
120 947 234 1398.74 2151
113 493 466 1256.74 2151
111 493 466 1266.03 2161
120 1006 384.175 850.53 2170
119 720 1735.87 1685.07 2180
116 947 232.495 1398.46 2180
111 540 693.589 894.411 2189
120 1065 799.443 475.115 2199
117 617 1388.49 801 2208
101 283 1533.19 1146.69 2218
100 277 1505.51 1099.81 2218
103 316 1554 1448.49 2218
116 1069 838.681 458.319 2228
107 912 298.602 1743.13 2266
95 912 295.511 1746.49 2371
99 1044 617.002 581.098 2390
97 1035 579.795 608.004 2400
93 912 293.311 1747.14 2400
93 972 255.041 1166.33 2409
71 174 650.73 1173.64 2447
71 178 669.672 1143.02 2447
71 294 1551.83 1233.7 2514
71 298 1558.89 1268.95 2514
61 174 643.636 1183.37 2533
61 178 667.821 1146.38 2533
71 413 832.377 1840.79 2533
71 417 805.845 1834.81 2533
82 1041 591.631 599.309 2552
61 61 1236.55 1789.11 2552
58 175 642.563 1183.43 2562
62 56 1276.99 1772.97 2562
57 179 665.616 1146.39 2562
71 532 613.231 959.769 2571
79 1042 598.942 595.058 2581
79 1044 613.555 584.445 2581
71 537 647.921 929.079 2581
62 36 1384.82 1616.81 2590
62 298 1555.1 1267.8 2600
62 417 804.871 1834.92 2600
58 57 1283.62 1772.27 2600
61 294 1548.05 1232.63 2600
58 60 1242.54 1788.48 2600
62 413 831.073 1841.04 2610
70 892 372.668 1906.57 2610
70 889 398.077 1933.98 2610
58 36 1384 1618.6 2610
71 656 1627.03 1071.73 2638
58 294 1547.29 1231.04 2638
58 298 1553.33 1256.65 2638
71 651 1609 1041.34 2638
57 413 838.916 1843.72 2648
58 417 803.469 1834.95 2648
62 532 596.173 976.827 2657
62 536 623.335 950.665 2657
