63 298 937.743 816.257 71
63 294 915.869 848.131 72
63 417 434.896 203.965 89
63 413 470.637 184.363 91
58 1124 604.285 689 98
63 532 704.491 897.682 103
63 537 739.302 885.223 106
63 651 566.453 186 121
63 655 528.111 198 121
63 651 566.455 186 122
63 774 769.299 827.488 124
62 1006 872 513.369 125
62 1010 863 480.045 126
63 770 739.623 839.657 126
62 1124 604.837 690.15 132
63 893 387.841 343.859 134
63 888 413.481 314.519 135
72 293 918.367 846.384 158
72 298 935.89 819.964 159
72 413 469.757 183.985 179
72 417 438.658 202.01 180
72 537 739.557 888.043 197
72 532 706.245 899.956 198
72 770 737.665 841.9 210
72 656 531.183 195.672 212
72 651 565.127 186 212
72 774 768.596 828.972 212
72 888 412.044 314.656 214
71 1124 604.754 693 217
72 1006 873.105 514.699 219
71 1128 642.473 697.84 219
72 893 387.744 342.356 220
72 1010 865 483.847 221
82 968 675.648 780.701 324
82 987 821.842 688.107 325
84 1040 678.639 273.733 348
101 155 302.086 269.334 421
104 130 486.693 132.985 432
104 134 451.086 149.091 433
102 320 1015.92 631.638 454
103 451 255.7 462.117 478
112 118 589.759 99.0641 497
111 120 578.892 102 499
112 219 300.122 842.648 538
112 222 306.557 850.772 540
112 232 382.453 917.304 543
112 244 482.23 960.8 543
112 237 435.259 944.059 543
113 155 302.962 268.038 547
114 237 435.609 943.609 551
108 1040 674.735 272 562
112 384 744.805 149.577 563
117 155 302.904 268.096 566
108 1006 873.502 516.679 566
113 320 1015.3 631.795 568
108 1010 867.2 487.695 569
115 384 745.143 149 571
115 219 296.105 836.105 573
108 951 515.815 787.996 576
108 947 481.832 778 576
114 380 789.401 163.401 576
112 529 667.479 913 583
112 518 558.997 917.976 583
114 410 502.919 168.643 585
115 343 1005.8 413.987 585
119 184 199 531.667 596
114 587 986.4 526.202 607
121 387 715.769 143 619
116 587 987 522.601 626
116 587 987 523.595 626
121 482 296 738.358 661
118 888 411.328 317.672 665
118 1069 442.212 357.94 669
120 728 377.172 758.144 677
120 720 332.757 699.126 677
121 704 286 553.421 682
128 244 481.717 957.337 694
122 947 481.447 775.039 694
125 383 758.828 153.528 694
122 893 390.139 343.861 696
128 252 568.692 980.3 698
129 255 588.766 984.851 698
129 285 845.015 919.993 699
129 560 918.624 757.376 737
129 564 932.642 738.354 739
129 572 972.519 659.481 740
129 575 978 636.037 740
137 219 292.231 822.531 768
137 222 308.056 844.897 769
138 510 492.227 900.311 823
145 120 586.052 98.0395 832
145 161 270.046 307.623 842
139 867 605.334 229.576 852
145 348 993.939 363.939 871
142 729 377.733 756.732 878
142 807 939.519 587.534 878
142 698 294.7 485.723 878
148 348 995 366.245 881
142 768 714.149 856.13 882
142 775 775.024 831.828 883
146 510 500.735 903.108 897
146 744 497.947 843.465 906
146 720 332.438 694.438 907
146 791 886.589 730.534 912
146 752 568.771 865.096 912
146 800 925.478 651.223 914
158 266 684.245 985.2 979
160 161 271.502 304.498 986
160 388 710.275 140 1003
162 301 958.054 795.36 1011
160 425 389.913 238.087 1016
162 238 429.797 933.286 1017
167 197 208.558 629.558 1047
167 185 201.64 516.731 1048
169 185 201.1 514.065 1060
161 867 602.391 230.4 1065
161 869 578.821 233.123 1065
168 313 1001.73 700.654 1095
177 57 1053.6 380.65 1107
177 61 1044.98 350.738 1109
177 36 1071 578.412 1111
177 71 1005.16 267.592 1116
181 36 1070 580.654 1138
181 57 1056.2 387.483 1143
181 61 1045.64 351.529 1144
181 71 1006.78 269.158 1146
178 236 416.824 927.809 1159
177 355 971 313.781 1163
174 441 293.483 358.317 1169
177 472 262.976 641.715 1177
175 697 295.904 487.31 1196
175 752 570.75 868.416 1197
176 800 923.006 651.389 1198
178 611 914.031 318.031 1200
175 776 778.855 835.145 1201
180 550 859.16 829.44 1214
180 561 909.336 779.064 1215
177 878 493.778 258.325 1222
177 889 414.385 320.714 1222
177 893 394.221 342.779 1223
177 951 526.022 781.7 1224
177 947 490.178 769.182 1225
177 1080 387.402 433.598 1231
181 1080 386.774 435.126 1252
181 951 525.98 781.739 1254
183 689 313.879 413.944 1255
181 947 491.831 769.87 1255
181 878 495.262 257.761 1256
181 889 416.686 317.714 1257
181 893 397.328 338.972 1258
183 728 377.025 753.025 1261
182 704 290 554.049 1262
183 791 889.571 724.829 1265
183 768 719.923 860.503 1266
194 120 590.262 94.884 1297
194 155 309.545 247.501 1305
188 579 981.5 614.916 1306
197 135 453.012 141.637 1315
197 140 421.561 157.44 1316
194 346 1012.17 397.966 1333
194 338 1026 463.217 1334
194 388 714.895 139 1342
197 388 715.188 139 1353
195 576 978.633 631.183 1372
200 862 656.565 228.647 1434
209 289 882.628 892.172 1473
212 169 247.588 346.421 1494
207 704 294 550.505 1495
207 800 921.5 653.033 1496
207 752 572.267 869.722 1498
207 728 380.475 757.775 1498
207 776 794.811 830.189 1499
212 356 965.603 304.688 1500
209 468 258 604.072 1503
214 333 1031.4 511.653 1507
209 498 411.785 847.885 1510
212 468 257.762 604.481 1514
212 396 656.847 136.401 1514
214 258 603.09 977 1515
210 605 932.025 341.025 1521
210 634 758.783 205.696 1522
210 617 894.756 295.556 1523
212 569 958.377 698.997 1524
212 566 946.155 726.106 1524
212 632 758.967 205.957 1530
212 428 383.814 243.186 1538
219 210 252 731.533 1551
214 518 561.899 916 1555
215 874 532.23 241.076 1581
215 876 522.816 244.273 1582
220 487 324.432 764.632 1583
219 489 330.786 771.986 1583
222 346 1015.78 400.09 1602
219 864 640.936 227.053 1616
227 212 263.559 751.722 1628
227 214 270.89 763.815 1630
223 697 300 485.134 1641
223 768 718.783 864.8 1645
223 744 494.212 842.885 1645
223 791 882.341 737.119 1646
230 483 296.262 719.362 1700
233 515 540.111 911 1722
235 604 943.141 359.141 1747
235 615 907.247 309.309 1749
236 1006 879.188 527.972 1779
236 1010 874 489.918 1781
236 878 496.106 258.527 1788
236 947 493.856 771.988 1789
238 728 376.033 751.582 1792
238 705 297 553.865 1792
236 1080 389.501 435.214 1795
238 720 335.52 696.918 1795
238 689 317.573 413.868 1796
239 768 718.931 866 1798
238 791 875.745 746.254 1800
238 807 934.052 597.467 1802
247 177 222.397 411.643 1815
240 1006 879.264 527.201 1815
240 878 496.327 258.242 1816
240 1080 388.886 435.319 1816
240 1010 874.219 491.751 1817
240 951 530.692 784.669 1818
240 888 424.041 314.959 1818
248 169 239.705 357.374 1818
248 162 277.073 286.006 1823
248 389 731.915 140 1851
258 863 648.523 227.985 1982
262 752 572.363 872 2004
262 776 793.365 834.975 2011
262 689 319.003 408.513 2015
266 294 916.825 859.183 2016
262 721 336.686 696.824 2018
262 800 921.2 656.711 2019
269 294 916.54 859.46 2030
266 485 307.727 728.727 2044
270 178 223.997 409.199 2048
266 550 856.199 843.375 2055
266 583 987.5 568.819 2056
266 563 925.33 770.67 2056
266 593 984.078 496.866 2057
269 583 987 570.037 2067
267 870 581.613 226.98 2071
270 447 283.217 388.483 2074
272 373 861.26 194.541 2076
272 400 618.011 136 2078
271 485 309.399 731.399 2101
273 447 284.501 387.463 2106
271 593 984 498.327 2113
279 227 344.992 849.508 2125
275 485 309.889 732.634 2134
277 861 661.466 227.982 2173
282 388 740.66 142.1 2182
295 36 1074.15 605.397 2232
295 57 1070.4 408.598 2236
295 61 1057.09 372.888 2237
295 71 1017.95 294.09 2242
299 36 1074.1 605.099 2262
298 71 1019.01 295.038 2270
299 61 1057.42 374.425 2271
299 57 1070.56 408.455 2272
295 341 1033 449.887 2278
295 323 1028.66 625.548 2284
291 565 942.54 743.76 2297
298 327 1034.39 591.693 2306
295 589 987.997 529.417 2319
295 947 507.355 771.255 2342
295 1006 878.926 495.789 2342
295 1065 475.958 338.042 2346
296 951 534.313 782.333 2346
295 892 400.406 339.594 2347
295 1010 883.975 525.594 2348
299 888 424.044 311.956 2373
299 951 538.372 783.848 2376
299 1069 448.998 360.402 2377
299 947 505.064 770 2377
308 947 509.443 772.023 2471
308 951 539.567 785.022 2473
