311 275 411.949 1638.02 192
298 200 956.295 2105.89 304
295 200 955.854 2107.01 312
294 138 1502.29 2029.04 358
294 144 1470.44 2046.99 358
294 281 385.022 1609.37 361
299 70 1921.01 1534.28 385
308 1005 855.282 1527.48 393
308 951 1339.7 1562.3 394
299 60 1954.59 1451.4 395
308 946 1368.08 1543.92 395
308 1010 829.28 1503.88 395
293 318 308.3 1277.23 398
299 55 1967.49 1415.51 401
294 70 1921 1538.47 411
299 35 2009.85 1230.32 425
294 55 1967.17 1421.09 427
294 60 1954.97 1455.24 430
294 35 2009.98 1233.82 450
297 411 759.268 581.053 462
278 210 857.76 2092.41 465
278 226 707.947 2020.75 467
298 1005 857.811 1533.02 480
298 946 1369.97 1543.85 483
298 888 1500.27 1044.38 492
288 374 471.149 776.951 500
288 376 480.336 766.664 502
297 1069 892.529 1028.97 506
297 442 1053.76 536.7 508
297 444 1069.46 538.9 510
294 1010 827.623 1507.82 512
294 951 1342.81 1562.19 513
297 616 1448.62 1715.63 529
293 1064 863.271 1048.01 536
298 546 1705.4 1172.57 539
271 282 373.012 1625.66 557
284 388 558.599 701.887 565
290 548 1703 1186 591
280 392 593.765 678.901 602
265 286 358.432 1603.43 616
265 283 365.262 1620.56 617
268 331 301 1162.53 643
266 331 300.5 1164.94 656
270 372 447.726 807.141 666
276 861 1325.62 850.069 689
273 728 550.021 1405.56 713
273 704 652.38 1598.48 720
273 696 699.409 1651.41 722
266 410 713.85 613.623 729
264 118 1632.7 1971.29 735
269 447 1063.21 551.139 750
272 483 1397.77 676.887 755
248 119 1628.66 1980.24 790
265 869 1382.79 903.137 799
265 583 1613.23 1514.07 814
265 592 1575.76 1575.39 816
261 720 569.347 1465.47 817
261 704 647.767 1598.77 818
261 696 693.374 1650.38 819
261 776 604.035 961.888 822
261 751 520.9 1176.52 822
261 807 824.224 788.683 831
256 862 1328.51 859.512 884
233 255 483.107 1881.11 921
250 438 983.327 562.2 937
247 438 981.442 563 956
219 195 969.57 2183.78 1025
237 728 536 1402.14 1031
237 767 552.957 1035.66 1034
239 946 1363.97 1559.81 1035
239 950 1337.87 1577.47 1036
237 799 761.892 812.137 1036
239 1005 851.825 1558.17 1039
237 790 684.782 860.318 1040
239 887 1481.1 1053.33 1050
239 877 1432.5 969.513 1052
232 394 569.972 713.436 1063
238 1069 874.08 1045.64 1065
238 1079 956.649 997.08 1072
234 1010 827.55 1539.05 1076
234 892 1490.55 1089.76 1083
212 167 1236.28 2205.3 1094
234 1065 845.556 1065.48 1097
235 634 1249.63 1797.27 1102
222 350 306.5 1051.33 1106
212 301 285.868 1505.46 1140
229 480 1335.75 668.937 1156
213 332 270.02 1215.61 1161
222 719 556.934 1470.68 1193
221 751 505.7 1175.79 1194
207 156 1334.42 2189 1195
222 806 814.221 790.782 1203
221 688 734.028 1700.03 1203
223 618 1370.27 1746.13 1214
221 858 1300.74 850.743 1222
211 395 559.615 727.685 1244
217 863 1321.76 868.753 1249
212 427 825.891 602.93 1252
196 134 1499.71 2109.71 1269
213 517 1574.72 917.324 1317
205 728 521.772 1390.71 1329
209 632 1238.99 1797.64 1336
196 391 521.88 760.221 1382
199 861 1305.94 862.944 1431
177 236 603.289 2059.29 1433
177 262 425.657 1887.91 1452
180 70 1908.42 1690.98 1488
177 321 244 1358.75 1491
194 575 1616 1454.39 1501
180 60 1947.4 1602.55 1508
180 56 1960.1 1575.25 1515
176 70 1908.76 1692.23 1522
180 35 2006.36 1386.88 1539
176 56 1960.91 1575.9 1543
176 60 1948.7 1607.71 1545
176 35 2006.72 1388.07 1566
187 578 1606.4 1468.37 1567
182 775 577.772 962.528 1568
182 776 577.104 963.253 1568
182 719 541 1469.3 1571
182 743 488 1251.67 1571
182 704 614.053 1601.05 1572
182 799 749.605 815.909 1576
181 790 672.275 863.392 1578
179 946 1363.89 1571.31 1599
180 892 1470.07 1098.38 1615
159 275 349.935 1794.25 1617
174 728 514 1404.99 1627
179 1069 856.68 1063.32 1627
175 1009 820.232 1562.23 1631
174 776 574.993 964.095 1632
175 946 1364.88 1571.32 1633
173 429 816.051 625.01 1633
179 1079 934.186 1010.7 1633
174 790 670.355 863.077 1637
175 878 1416.22 982.217 1637
174 688 713.382 1704.08 1638
174 807 807.412 793.028 1639
175 888 1458.73 1063.92 1644
173 440 923.481 606 1647
179 560 1649.38 1291.65 1657
175 1064 828.276 1089.72 1657
175 1079 932.661 1011.47 1660
156 150 1359.79 2216.92 1661
159 355 280.973 1063.74 1682
159 383 428.631 848.469 1712
159 388 466.904 814.152 1739
171 545 1637.2 1176.27 1739
157 425 758.194 648.01 1779
159 458 1076.89 614.602 1798
157 614 1381.96 1725.1 1835
129 217 730.644 2191.03 1883
128 154 1311.17 2259.62 1900
128 151 1339.14 2245.2 1903
144 727 500 1401.8 1924
144 790 662.842 866.722 1927
145 807 799.063 796.236 1938
140 743 470.8 1260.24 1953
141 790 661.99 866.149 1955
140 799 748.18 816.411 1959
141 704 597.317 1602.36 1960
140 696 645.361 1660.16 1965
145 509 1483.37 866.907 1965
119 283 301.964 1769.39 1985
138 865 1324.04 901.14 2012
114 252 461.901 2018.53 2033
114 272 342.124 1856.54 2038
125 382 400.333 884.567 2040
134 869 1339.14 916.86 2040
125 392 472.306 819.094 2053
116 320 209.2 1443.72 2059
113 319 208 1445.48 2084
128 486 1296.12 721.939 2121
129 586 1545.36 1543.11 2128
128 563 1619.92 1344.88 2132
127 548 1616 1197.61 2132
128 560 1624.2 1312.98 2133
127 552 1622.42 1231.87 2136
119 719 517.386 1469.65 2147
119 704 590.952 1606.89 2152
119 696 634.616 1659.03 2154
120 950 1337.47 1604.53 2158
120 946 1360.05 1586.15 2159
101 283 293.67 1788.66 2160
120 1009 816.952 1589.95 2161
121 892 1451.6 1107.55 2165
114 407 580.087 747.041 2172
122 483 1265.25 710.043 2178
120 1064 814.17 1112.83 2181
117 1009 817.46 1591.46 2191
117 888 1441.08 1076.45 2195
117 951 1337.18 1605.8 2196
116 946 1357.04 1588.56 2197
116 1069 837.366 1088.63 2217
114 514 1483.8 904.163 2263
114 548 1610.2 1209.01 2269
114 525 1534.92 993.468 2269
114 536 1575.63 1091.77 2274
107 1005 839.046 1618.25 2287
107 1010 816.825 1597.82 2291
98 917 1487 1361.23 2371
98 909 1481 1271.31 2373
94 980 1080.93 1696.13 2400
72 174 1120.08 2354.3 2434
72 178 1085.27 2352.4 2435
91 1046 732.412 1288.55 2452
72 293 239 1734.05 2461
72 297 227.411 1698.81 2463
86 912 1482.6 1314.9 2495
62 178 1077.87 2362.3 2524
62 174 1106.25 2363 2524
62 293 232.306 1732.7 2547
62 297 219 1700.49 2549
58 178 1073.61 2364.4 2553
58 174 1108.22 2366.3 2554
58 297 221 1709.39 2577
58 293 231.613 1739.25 2578
72 412 592.818 758.868 2591
72 417 620.124 745.205 2592
62 60 1935.34 1756.06 2615
62 56 1949.06 1726.33 2620
71 769 511.716 1017.28 2621
71 773 528.292 988.777 2622
71 1006 836.878 1637.58 2634
58 353 210.626 1175.48 2635
58 356 217.229 1153.28 2636
71 1009 813.82 1616.56 2637
71 651 998.64 1834.56 2642
71 892 1437.38 1115.4 2642
71 655 966.237 1831 2643
71 888 1426.54 1083.75 2644
62 35 1998.7 1527.02 2648
57 56 1949.86 1726.87 2655
57 60 1937.95 1755.95 2655
62 412 580.149 768.671 2670
62 417 610.192 754.124 2673
57 35 1999 1537.58 2673
